# The mean values of the components (in mm)
204
1
6
-73.373789 
-72.755424 
-70.514618 
-66.831997 
-59.773997 
-48.355832 
-34.111799 
-17.870498 
0.098877 
17.472593 
32.640591 
46.360399 
57.328628 
64.371747 
68.194256 
70.467988 
71.357150 
-61.103194 
-51.274051 
-37.794888 
-24.016540 
-11.632810 
12.053239 
25.099417 
38.328278 
51.177340 
60.037888 
0.653594 
0.804393 
0.991706 
1.226195 
-14.768687 
-7.178485 
0.555611 
8.270156 
15.210184 
-45.906975 
-37.784505 
-27.729718 
-19.666941 
-28.297429 
-38.171882 
19.406998 
27.723376 
37.535684 
45.150366 
38.199537 
28.661192 
-28.908562 
-17.528613 
-6.682934 
0.380782 
8.373112 
18.871554 
28.786809 
19.052496 
8.953933 
0.381372 
-7.426997 
-18.155851 
-24.371005 
-6.895899 
0.340472 
8.442393 
24.468001 
8.446857 
0.205188 
-7.196432 
-29.793333 
-10.946667 
7.927913 
26.067561 
42.553283 
56.466254 
67.229264 
75.037046 
77.040871 
74.738615 
66.911246 
56.296408 
42.407806 
25.449040 
6.988853 
-11.663198 
-30.357229 
-49.348360 
-58.754088 
-61.979633 
-61.017167 
-56.671714 
-57.375856 
-61.885829 
-62.761139 
-59.286709 
-50.177043 
-42.182614 
-30.985526 
-19.939343 
-8.412358 
2.597566 
4.750313 
6.561126 
4.659722 
2.642285 
-37.309194 
-42.654824 
-42.635820 
-36.652339 
-35.291876 
-35.116298 
-36.961936 
-43.195395 
-43.037316 
-37.933589 
-35.725267 
-35.673593 
28.605174 
22.166312 
19.023984 
20.715586 
19.030359 
22.388095 
28.072396 
36.288547 
39.624011 
40.384901 
39.825825 
36.668186 
28.670195 
25.469200 
26.007335 
25.319428 
28.315419 
30.588056 
31.400381 
30.836687 
47.655420 
45.897739 
44.831169 
43.130111 
38.625415 
30.742730 
18.451712 
3.608115 
-0.881548 
5.179627 
19.171178 
30.762024 
37.618202 
40.874987 
42.269747 
44.130378 
47.127458 
14.251094 
7.266613 
0.442241 
-6.604531 
-11.964088 
-12.048015 
-7.313252 
-1.022865 
5.347743 
11.612322 
-13.377250 
-21.145213 
-29.276244 
-36.938241 
-20.126559 
-23.530391 
-25.937570 
-23.689510 
-20.852724 
7.284119 
2.923373 
1.151365 
0.266493 
-0.381583 
1.385374 
-0.333662 
0.065813 
1.582963 
5.216842 
0.154685 
-1.406395 
-2.239548 
-15.930013 
-22.605331 
-23.742161 
-22.716042 
-15.606685 
-3.216756 
-14.984163 
-22.548336 
-23.585387 
-22.400130 
-15.117794 
-4.784273 
-20.888182 
-22.214615 
-21.020027 
-5.711445 
-20.666067 
-21.897867 
-20.322589 
# The principal components (eigenvectors) of identity or combined identity and expression model
204
40
6
-0.007402 -0.093680 0.039355 0.204565 -0.104489 0.033662 -0.090468 0.010392 -0.042502 0.104020 0.032942 0.039151 0.064292 -0.036995 0.058319 0.035737 -0.098778 -0.082669 -0.058149 0.006335 -0.023090 -0.006352 -0.126290 0.035389 -0.050912 -0.080497 -0.022708 0.142123 -0.046524 -0.025361 0.111443 0.000362 -0.063528 0.044940 -0.013210 -0.061720 0.236341 0.080204 -0.130177 0.019998 
-0.002559 -0.075334 0.037180 0.202038 -0.068904 0.041730 -0.101158 0.018546 0.006427 0.081308 0.004857 0.039206 0.050421 0.056697 0.055548 -0.027253 -0.022329 -0.089553 -0.082012 0.008088 -0.013961 0.011818 -0.075687 -0.002761 -0.088208 -0.082755 -0.002098 0.106317 -0.029215 -0.061871 0.065690 0.006017 -0.074153 0.060399 -0.064790 -0.045622 0.165356 0.111331 -0.107608 0.000988 
-0.002099 -0.055375 0.025843 0.215800 -0.026010 0.053629 -0.086451 0.042083 0.035707 0.033275 -0.014831 0.050144 0.031637 0.125189 0.045655 -0.065710 0.069598 -0.073348 -0.084017 -0.009965 -0.000912 0.033402 -0.017765 -0.013598 -0.071465 -0.060057 0.002823 0.063921 -0.015223 -0.054708 0.047798 0.007728 -0.090830 0.051672 -0.075669 -0.054565 0.039765 0.079497 -0.068582 -0.041771 
-0.005535 -0.035812 0.020002 0.226909 0.030772 0.059580 -0.050973 0.057578 0.023393 -0.025619 -0.013396 0.043429 0.024822 0.113149 0.017504 -0.073691 0.107459 -0.047807 -0.040253 -0.065994 0.013862 0.073289 0.071496 -0.035161 -0.000069 0.003248 0.025853 0.038739 0.007863 -0.051512 0.065954 0.013495 -0.085889 0.016118 -0.049091 -0.097264 -0.045155 0.014146 -0.020525 -0.071169 
-0.006918 0.011999 0.030308 0.205416 0.100021 0.072431 -0.008029 0.060469 -0.006192 -0.104983 -0.018358 0.032939 0.029542 0.068605 -0.043952 -0.054312 0.077037 -0.061227 0.031474 -0.121100 -0.003634 0.070925 0.153287 -0.033051 0.115442 0.090559 0.039855 0.046235 0.026418 -0.048064 0.067494 0.014840 -0.012324 -0.046210 -0.048938 -0.121314 -0.132613 0.028923 0.041887 -0.005977 
-0.004187 0.064277 0.037207 0.149105 0.158606 0.075509 0.031063 0.067312 -0.039654 -0.167002 -0.020494 0.029627 0.046332 0.033748 -0.122164 -0.003628 -0.017091 -0.050248 0.066424 -0.130682 -0.075062 0.013948 0.172663 0.000137 0.132951 0.130704 0.044209 0.059216 0.042784 0.004715 0.034419 0.009263 0.043217 -0.085518 -0.044079 -0.086175 -0.152903 0.055468 0.063336 0.039838 
0.016953 0.088137 0.034527 0.080966 0.171051 0.048938 0.064025 0.083984 -0.057574 -0.164522 -0.012197 0.002557 0.084709 -0.009477 -0.136799 0.070782 -0.090575 0.041249 0.052695 -0.068042 -0.143699 -0.035881 0.017826 0.033026 0.023949 0.107165 0.014352 0.068069 0.026063 0.072569 -0.037629 -0.004738 0.093121 -0.085039 -0.008498 0.030883 -0.135129 0.106994 0.055200 0.049871 
0.021738 0.081049 0.015559 0.029278 0.112192 0.012926 0.065553 0.095539 -0.046886 -0.120241 -0.022719 -0.051446 0.036921 -0.037123 -0.102170 0.152825 -0.100277 0.161692 0.043657 0.035969 -0.222999 -0.061938 -0.144381 -0.024557 -0.162510 0.053647 -0.004931 0.011961 0.011668 0.088932 -0.044850 -0.006370 0.051375 -0.060184 0.004597 0.076513 -0.074851 0.116693 0.016608 -0.008963 
0.024718 0.084956 0.002423 -0.002888 0.028063 -0.016873 0.036426 0.087284 -0.020705 -0.024059 -0.027036 -0.091911 -0.008157 -0.052452 -0.033523 0.168964 -0.059082 0.243889 0.022472 0.062657 -0.157999 0.022893 -0.163513 -0.074133 -0.203463 0.039739 0.007401 -0.067797 0.013169 0.059564 0.003988 -0.002192 0.001980 -0.036289 0.046040 -0.018799 0.024058 0.056423 -0.010271 -0.007176 
0.025408 0.095707 -0.013536 -0.036813 -0.064190 -0.035955 0.001185 0.049972 0.005937 0.084297 -0.015664 -0.102558 -0.027430 -0.053391 0.017752 0.109741 -0.007975 0.248672 -0.017959 0.062896 -0.057582 0.135455 -0.082082 -0.078860 -0.120319 0.051545 0.017432 -0.117267 0.015029 -0.001367 0.002575 0.002001 -0.002718 -0.009517 0.073652 -0.151379 0.065395 0.033354 -0.023897 0.041842 
0.027239 0.088445 -0.037259 -0.090796 -0.124229 -0.052827 -0.020222 0.017813 0.031449 0.138221 -0.009450 -0.094263 -0.061108 -0.016574 0.043476 0.032632 0.037159 0.178272 -0.064779 0.037649 0.046353 0.144371 -0.009732 -0.019262 0.010461 0.067142 0.009624 -0.102697 0.003070 -0.061934 -0.008443 0.005119 -0.023015 0.011889 0.004680 -0.240214 0.010563 0.026529 -0.010472 0.060397 
0.033308 0.051074 -0.050454 -0.137038 -0.130671 -0.078349 -0.030761 -0.016769 0.042439 0.153285 -0.008259 -0.048781 -0.055681 -0.017574 0.052065 -0.022625 0.049292 0.043204 -0.075785 0.049628 0.060789 0.116591 0.055727 0.081988 0.105974 0.062290 -0.020100 -0.035997 -0.022337 -0.079936 -0.016027 0.003713 0.009594 0.032903 -0.074027 -0.244208 -0.064715 0.036479 0.003828 0.056142 
0.034569 -0.024835 -0.037420 -0.171586 -0.092156 -0.080940 -0.018250 -0.019495 0.055175 0.112066 -0.006432 0.000296 -0.027759 -0.031690 0.028114 -0.012628 0.004675 -0.072238 -0.055898 0.027204 0.014686 0.076630 0.073978 0.161265 0.081474 0.038887 -0.021542 0.037677 -0.028951 -0.010064 -0.002669 -0.001642 0.018333 0.060974 -0.162973 -0.167306 -0.100504 0.067589 -0.017035 0.018713 
0.031318 -0.094397 -0.015410 -0.181930 -0.032628 -0.068031 0.020682 -0.028682 0.050049 0.060714 0.006091 0.060794 0.005305 -0.047046 0.006564 0.014587 -0.058600 -0.141905 -0.032286 -0.012064 -0.067539 0.032992 0.056186 0.151106 0.026502 0.040326 0.004346 0.075600 -0.015636 0.068816 0.024278 -0.001155 0.031468 0.056718 -0.192001 -0.087754 -0.080811 0.009723 0.003237 -0.033503 
0.030334 -0.127883 -0.008059 -0.166929 0.024790 -0.062725 0.063682 -0.030018 0.045002 0.028412 0.025026 0.109501 0.012798 -0.043188 0.004002 0.010516 -0.079890 -0.142854 0.008951 -0.055992 -0.098683 -0.015989 0.011782 0.063407 -0.037991 0.071300 0.045786 0.056708 0.006037 0.097912 0.025030 0.000430 0.042442 0.043858 -0.146225 -0.034016 -0.016389 -0.059913 0.038582 -0.080094 
0.030250 -0.141793 -0.020479 -0.154766 0.073030 -0.066176 0.076351 -0.045280 0.049634 -0.014291 0.024529 0.110180 0.005075 -0.008708 0.001622 -0.005724 -0.059623 -0.100981 0.031446 -0.093207 -0.043299 -0.043793 -0.012115 -0.024434 -0.110001 0.090118 0.091545 0.000476 0.025810 0.035779 0.041808 0.003902 0.049605 0.032205 -0.066451 0.017339 0.031154 -0.087908 0.063105 -0.086476 
0.030507 -0.158965 -0.031406 -0.156641 0.119989 -0.070726 0.084966 -0.065877 0.064043 -0.047424 -0.002819 0.095153 -0.014925 0.014446 0.011355 -0.031327 -0.064091 -0.055931 0.044502 -0.108508 0.042952 -0.064039 -0.012157 -0.109306 -0.147205 0.114689 0.140539 -0.045822 0.054496 -0.007530 0.050061 0.008213 0.061649 -0.001369 0.000188 0.060635 0.071260 -0.111523 0.078948 -0.081717 
-0.029318 -0.000602 0.005820 0.067082 -0.126259 0.008370 0.106125 -0.058203 -0.127752 0.112241 0.029472 -0.007780 0.023276 -0.184719 -0.000199 0.061707 -0.037482 0.061334 0.057553 -0.085623 -0.009600 0.118282 0.031157 -0.042204 0.045285 0.044003 0.035439 0.008793 0.010145 -0.004295 -0.023424 0.001693 0.001836 0.079222 0.048304 -0.024999 0.206182 -0.014289 -0.008146 0.183758 
-0.038468 0.020821 -0.004663 0.021886 -0.086154 0.017065 0.122853 -0.051411 -0.153768 0.048392 0.161776 0.035373 -0.105162 -0.131522 -0.034328 0.088870 -0.020743 0.065535 0.045201 -0.165203 0.046392 0.217877 -0.015330 0.078969 -0.065556 -0.008127 0.031132 0.025021 -0.007751 -0.014752 0.017234 0.000600 -0.015810 0.024141 0.013320 0.028600 0.065188 0.008139 0.016464 0.064451 
-0.021499 0.036227 -0.005988 0.020123 -0.060722 0.026565 0.126003 -0.083260 -0.120074 0.032436 0.188497 -0.016337 -0.159159 -0.012024 -0.086901 0.081110 -0.060560 0.014311 0.060981 -0.039796 0.038637 0.189675 0.020984 0.084190 -0.050763 -0.031801 0.007596 0.027104 0.003311 -0.009786 -0.002729 0.002580 -0.026283 -0.023474 -0.008542 0.078397 -0.033344 0.002120 0.016265 -0.025378 
0.000859 0.042649 0.003039 0.029623 -0.036140 0.016445 0.123575 -0.127143 -0.074984 0.060540 0.149492 -0.082674 -0.172926 0.089038 -0.136076 0.066221 -0.092185 -0.036406 0.079299 0.107645 0.025195 0.124242 0.091109 0.064141 -0.033269 -0.050985 -0.009043 -0.000695 0.023744 -0.011028 -0.036820 0.004247 -0.027734 -0.043591 -0.024939 0.091847 -0.058327 -0.007398 -0.004207 -0.090843 
0.024114 0.058544 0.005999 0.028651 -0.012141 0.008842 0.096847 -0.159843 -0.017324 0.078315 0.087364 -0.121012 -0.149905 0.185053 -0.179846 0.043012 -0.097338 -0.043634 0.070048 0.204239 0.038955 0.038237 0.131820 0.055528 -0.081301 -0.095100 -0.013285 -0.049983 0.042440 -0.002689 -0.069494 0.001189 -0.008006 -0.034855 -0.012356 0.122170 -0.066275 -0.002875 -0.007157 -0.125380 
-0.056417 0.059129 -0.030372 -0.057095 0.055622 -0.007183 -0.126457 0.020464 -0.058186 -0.078830 0.002119 0.051443 0.167988 -0.173528 0.180523 -0.006032 0.063901 0.153339 -0.121463 -0.137197 0.024946 0.028958 -0.059510 0.011750 0.140508 -0.013928 -0.025231 0.088595 -0.030424 0.073106 0.027677 -0.012297 0.077229 -0.018397 0.098076 0.084335 -0.074774 -0.097020 0.088602 0.046980 
-0.038584 0.041660 -0.021048 -0.054906 0.085246 -0.020759 -0.150907 -0.027655 -0.004833 -0.082652 -0.027645 0.004826 0.152262 -0.139419 0.205085 0.054947 0.026129 0.097003 -0.035003 -0.113670 0.047896 0.070487 -0.043323 0.017354 0.070267 -0.040824 -0.017929 0.070904 -0.028453 0.035161 0.016021 -0.010173 0.066322 -0.022427 0.096063 0.068280 0.000869 -0.013331 -0.012219 0.003901 
-0.007931 0.026463 -0.002911 -0.037728 0.112190 -0.032419 -0.154636 -0.069836 0.034013 -0.067340 -0.048330 -0.075917 0.109407 -0.081404 0.188354 0.100462 0.003508 0.009428 0.047440 -0.021786 0.014742 0.076027 0.008343 0.036231 0.082815 -0.035258 -0.042201 0.063963 -0.030759 -0.014927 -0.019877 -0.006723 0.038619 -0.009880 0.082464 0.001954 0.047138 0.032152 -0.078240 -0.003312 
0.018957 -0.000144 0.011374 -0.029849 0.136979 -0.030194 -0.147861 -0.105455 0.066784 -0.080134 -0.037256 -0.111110 0.053279 0.003891 0.126190 0.134531 -0.003390 -0.053201 0.090838 0.065574 -0.014717 0.005970 0.051607 0.020084 0.038718 -0.009590 -0.031112 0.027698 -0.012280 -0.088076 -0.051410 0.002739 -0.008972 -0.021416 0.026749 -0.056787 0.051459 0.120673 -0.116681 -0.023731 
0.026642 -0.059171 -0.000642 -0.058778 0.151942 -0.022192 -0.130390 -0.084057 0.072128 -0.135048 0.039429 -0.058512 -0.043485 0.076345 0.035623 0.101515 0.008689 -0.029606 0.032819 0.029643 0.003612 -0.062522 -0.000845 -0.028228 -0.118388 0.017946 0.038536 -0.010214 0.019031 -0.145125 -0.083382 0.017830 -0.103069 -0.034256 -0.088202 -0.041335 -0.006445 0.236106 -0.115711 -0.100023 
-0.010955 0.075361 -0.001854 -0.012888 0.013160 0.004569 -0.016256 -0.047720 -0.029812 0.016107 0.033460 0.015930 0.035472 0.037256 -0.019277 -0.020721 0.045117 0.021208 -0.072817 0.038731 -0.038675 -0.037877 0.054433 -0.002234 0.006262 -0.032681 -0.005802 0.000287 0.006119 0.005396 -0.001802 -0.001912 0.061265 0.001972 0.026177 0.035601 -0.029815 -0.074733 0.067427 0.019922 
-0.012104 0.064215 -0.001132 -0.013952 0.006849 0.008701 -0.012352 -0.037725 -0.022189 0.014236 0.024044 0.012807 0.028074 0.041474 -0.015150 -0.024224 0.048945 0.021368 -0.080712 0.027596 -0.082987 -0.039607 0.075258 0.019119 -0.032691 -0.057876 -0.007125 0.003729 0.006618 0.036506 0.018626 -0.007512 0.064622 0.023201 0.017959 0.043258 -0.008203 -0.059792 0.046189 0.023658 
-0.013408 0.059283 0.000999 -0.014558 0.001800 0.010638 -0.008678 -0.026049 -0.017786 0.015414 0.015602 0.014209 0.022608 0.044120 -0.010043 -0.027310 0.051157 0.018243 -0.087794 0.019093 -0.125197 -0.041122 0.089882 0.043449 -0.071619 -0.084771 -0.010873 0.005410 0.005581 0.070108 0.037623 -0.013209 0.069953 0.045915 0.010075 0.057143 0.009473 -0.044204 0.030834 0.031851 
-0.013956 0.058271 0.004636 -0.015255 -0.000229 0.012924 -0.005182 -0.015311 -0.012749 0.014442 0.008404 0.018579 0.016565 0.051510 -0.004447 -0.029709 0.052066 0.012216 -0.091400 0.014500 -0.159177 -0.039183 0.108166 0.071459 -0.116826 -0.108933 -0.011421 0.006323 0.006241 0.104933 0.059599 -0.018624 0.070329 0.065356 0.005205 0.068126 0.032412 -0.022692 0.010291 0.042726 
-0.012201 0.028098 -0.049451 -0.000835 0.000906 -0.019025 0.038298 -0.002319 0.022125 0.008900 -0.017860 -0.005638 -0.010065 -0.026662 0.021497 -0.055250 0.073235 0.058932 -0.118085 -0.023830 -0.092116 -0.079481 0.048733 0.234208 -0.025993 -0.083371 -0.074996 0.063481 -0.038695 0.089289 -0.023041 -0.023781 0.002841 0.049550 0.031361 -0.019478 -0.038078 -0.035064 0.002422 0.047464 
-0.009369 0.029412 -0.026536 -0.009191 -0.003631 -0.013155 0.015857 0.006853 0.008511 0.011724 -0.022775 0.000393 -0.007650 0.005616 0.004850 -0.046964 0.061878 0.031974 -0.086949 -0.008147 -0.098850 -0.062097 0.056437 0.151882 -0.035863 -0.083100 -0.054927 0.041851 -0.026586 0.086132 0.008049 -0.024081 0.041826 0.077537 0.013165 0.005827 -0.010640 -0.018577 -0.003555 0.041556 
-0.007111 0.026013 0.001369 -0.008786 -0.008714 0.005533 -0.002317 0.008132 -0.006609 0.012744 -0.016435 0.016921 0.006461 0.032793 -0.008160 -0.032778 0.045682 0.010863 -0.063991 0.009051 -0.088152 -0.031102 0.072571 0.034056 -0.062376 -0.065033 -0.007048 0.000178 0.000486 0.075691 0.043604 -0.017343 0.076216 0.082599 0.003075 0.023185 0.031543 -0.018618 -0.001585 0.023110 
-0.008626 0.022969 0.025273 -0.006655 -0.012612 0.026314 -0.017863 0.005617 -0.012174 0.015991 -0.009678 0.035577 0.015047 0.061729 -0.023015 -0.005978 0.026192 -0.014174 -0.044865 0.022617 -0.072244 -0.004501 0.099085 -0.068720 -0.069012 -0.036448 0.040338 -0.054352 0.035773 0.075643 0.059442 -0.005513 0.083368 0.041408 -0.013093 0.026783 0.061878 -0.023898 0.014211 0.019110 
-0.007572 0.013541 0.044345 -0.007142 -0.015622 0.038757 -0.032701 0.009530 -0.018291 0.012915 -0.008297 0.047227 0.017961 0.076845 -0.045326 0.016743 0.012965 -0.037116 -0.012189 0.027569 -0.061541 0.003537 0.107074 -0.160121 -0.066002 -0.012743 0.073051 -0.094599 0.060433 0.058185 0.061470 0.007315 0.077781 0.000490 -0.037467 0.014776 0.088552 -0.030601 0.031542 0.016395 
-0.008396 0.028001 0.014845 0.034784 -0.083014 0.034777 0.100690 -0.089277 -0.025576 0.091833 -0.073022 -0.042264 0.011057 -0.053911 0.069990 0.004070 0.044973 0.014566 -0.037556 -0.035852 0.021431 -0.142941 -0.039090 -0.072750 0.050870 0.055769 0.058936 -0.047181 0.236125 -0.064800 -0.045513 -0.088578 0.165173 0.079302 -0.028023 0.007709 0.000840 0.022037 0.053373 -0.078485 
-0.006952 0.030907 0.019703 0.022867 -0.062239 0.024411 0.091683 -0.094448 -0.042221 0.069380 -0.054630 -0.037479 0.003196 -0.021962 0.047624 0.004518 0.059422 0.018673 -0.039871 -0.032595 0.034478 -0.175260 -0.042913 -0.068343 0.068726 0.056585 0.112876 -0.062761 -0.067332 -0.055429 -0.078258 -0.052931 0.082663 0.019058 -0.073677 0.035271 -0.095604 -0.068144 -0.093676 0.025067 
-0.005617 0.024530 0.006118 0.028906 -0.028701 0.014455 0.063570 -0.081354 -0.048382 0.039582 -0.048262 -0.024337 -0.012088 0.004405 0.039582 0.001693 0.112540 0.032052 -0.010052 -0.010599 0.008915 -0.165974 -0.116161 -0.006022 0.046936 0.043385 -0.076663 -0.023959 0.134618 -0.085091 -0.055253 -0.030312 0.050952 0.040978 -0.099063 0.000340 -0.082067 0.024822 0.054227 -0.150278 
0.003559 0.008150 0.011798 0.045991 -0.019564 0.006771 0.038214 -0.058489 -0.057526 0.022846 -0.033435 -0.027533 -0.019153 0.027537 0.013382 0.003271 0.108701 0.044444 -0.018560 -0.020677 0.012006 -0.168759 -0.097905 -0.003403 0.001992 0.052834 -0.144558 -0.020593 -0.199756 -0.041290 -0.077947 0.096677 -0.046639 -0.009669 -0.089418 -0.025484 -0.198550 0.002452 -0.006282 -0.068918 
-0.001315 0.014143 0.009930 0.036813 -0.037695 0.013979 0.068065 -0.078144 -0.036947 0.050698 -0.056327 -0.043106 -0.005081 -0.003873 0.035807 0.009304 0.090324 0.040569 -0.015077 -0.024096 0.027216 -0.172015 -0.077796 -0.027188 0.030787 0.052487 -0.053549 -0.036092 -0.127543 -0.042830 -0.075571 0.076661 0.015338 0.016390 -0.055302 -0.016459 -0.080545 -0.002543 0.086074 -0.064493 
-0.005847 0.018277 0.021879 0.027127 -0.073784 0.023913 0.088854 -0.088877 -0.026265 0.079551 -0.060639 -0.059895 0.007890 -0.033650 0.047928 0.006355 0.041738 0.030933 -0.051412 -0.051385 0.047669 -0.167910 -0.014181 -0.088336 0.046221 0.053551 0.118028 -0.064190 -0.055659 -0.042858 -0.070316 -0.019604 0.085717 0.044563 -0.044371 0.026162 -0.003413 -0.022555 0.043952 -0.010584 
-0.022589 -0.008853 -0.025483 -0.050795 0.023488 -0.004317 -0.062927 -0.026486 0.030540 -0.019954 0.067137 0.018652 0.052718 0.004171 -0.062038 -0.060373 -0.028110 0.050714 -0.017357 0.061790 0.028661 0.027023 0.053404 -0.115771 0.070131 -0.024030 0.064962 0.017080 0.287285 -0.044444 0.021534 0.180519 0.041795 0.054458 0.014134 0.070829 0.135109 0.028378 0.015249 0.018971 
-0.009536 -0.004641 -0.015093 -0.032554 0.032592 -0.011859 -0.096184 -0.028491 0.003226 -0.037957 0.086065 -0.001483 0.047298 0.025533 -0.094506 -0.069696 -0.043538 0.079390 -0.021694 0.070299 0.035195 0.018416 0.052404 -0.135941 0.039952 -0.000589 0.085284 0.002613 -0.140613 -0.041799 -0.022077 -0.051778 -0.046387 -0.066158 0.010150 0.030600 -0.005689 -0.002574 -0.022905 0.126963 
-0.007448 -0.012782 -0.026907 -0.027354 0.065478 -0.025194 -0.125927 -0.010137 -0.003616 -0.065065 0.083550 0.008938 0.039569 0.046526 -0.108023 -0.071597 0.009806 0.093848 0.001732 0.082668 0.012635 0.017495 -0.005747 -0.079833 0.036253 -0.004637 -0.112070 0.037333 0.062888 -0.058301 0.006960 -0.035322 -0.072072 -0.019249 0.008430 -0.012062 0.021560 0.094243 0.086314 -0.042727 
0.000371 -0.032197 -0.021393 -0.031336 0.084065 -0.035730 -0.137977 0.005431 -0.012758 -0.086854 0.090184 0.022295 0.030355 0.066461 -0.122979 -0.056138 0.034230 0.090322 -0.001601 0.072007 0.030452 0.001010 -0.013366 -0.045781 0.007090 -0.007508 -0.108854 0.042562 -0.102078 -0.056036 0.009401 -0.112095 -0.116657 -0.044031 -0.009802 0.005589 -0.074007 0.042013 -0.082743 0.045211 
-0.008536 -0.028135 -0.028275 -0.024644 0.074922 -0.026878 -0.120628 -0.002633 -0.011742 -0.070545 0.076982 0.022359 0.030582 0.052252 -0.102585 -0.053168 0.025846 0.107784 0.011575 0.097166 -0.003215 0.016724 -0.036484 -0.039971 0.058091 -0.027390 -0.085034 0.045791 -0.028721 -0.018671 0.023523 -0.027287 -0.088292 -0.014837 -0.003369 -0.017050 -0.046137 0.060255 -0.006021 -0.001937 
-0.014437 -0.019146 -0.019521 -0.036701 0.042168 -0.010624 -0.093820 -0.016817 0.002569 -0.042034 0.076961 0.012947 0.036753 0.029399 -0.085148 -0.053587 -0.018360 0.092831 -0.010474 0.080636 0.011537 0.020503 0.006470 -0.083288 0.068180 -0.035752 0.089439 0.016180 -0.017215 -0.010605 0.018245 0.099690 -0.033320 0.003426 0.007761 0.028685 0.021156 0.042903 -0.004673 0.037558 
0.029968 -0.018542 -0.150654 0.081152 0.034670 -0.056233 0.149047 0.006231 0.091768 -0.079986 -0.036371 0.002301 0.018925 -0.077649 0.107971 -0.056683 0.030516 -0.051202 -0.027606 0.051555 0.012993 0.083974 0.040511 -0.055901 0.095096 0.049048 -0.001443 0.021847 0.004618 -0.017663 -0.037573 0.015996 -0.022850 -0.103918 0.000444 0.027713 0.071856 -0.053479 0.015023 -0.004818 
0.027100 -0.012365 -0.111985 0.035962 0.029196 -0.001224 0.084959 -0.000411 0.048798 -0.054711 -0.030316 0.032593 -0.040092 -0.108273 0.045718 -0.052687 0.006861 -0.063125 -0.005360 0.105335 0.040669 0.020136 0.023986 0.019575 0.003374 0.015028 -0.006419 0.032642 -0.002884 -0.022637 -0.009107 0.013047 -0.056561 -0.084639 0.027796 0.015139 0.057167 -0.056071 0.016394 0.044119 
0.008550 0.000569 -0.036205 0.011361 0.007962 -0.004395 0.042064 0.015752 0.024135 -0.029720 -0.022374 0.053411 -0.039256 -0.097946 0.017558 -0.047862 0.031780 -0.053299 -0.000089 0.130301 0.067818 -0.067749 0.049781 0.077198 -0.060863 0.014387 0.005941 0.009698 0.000232 0.007103 0.039430 0.003750 -0.071439 -0.013081 0.075063 -0.013324 0.036972 -0.077183 0.008485 0.021268 
-0.004855 -0.002655 -0.001219 -0.004637 -0.017928 0.006516 0.011155 0.033388 0.012583 -0.007261 -0.021173 0.015889 -0.016074 -0.005354 0.006484 -0.031848 -0.005439 -0.056897 0.007967 0.017319 0.028904 -0.033026 -0.014724 0.016343 -0.011509 -0.018102 -0.004481 0.012449 -0.001023 0.029078 -0.024312 0.000884 -0.037154 -0.007746 0.024225 -0.002186 0.022930 -0.067309 0.005394 -0.003378 
-0.015826 -0.010426 0.049538 -0.025229 -0.047374 0.033576 -0.017738 0.037277 0.003374 0.019944 -0.017959 -0.019746 0.013174 0.105762 -0.000650 -0.027188 -0.056038 -0.059839 0.016370 -0.126203 -0.001867 0.023350 -0.084618 -0.042245 0.078510 -0.049659 -0.020731 0.018727 -0.003508 0.055237 -0.104922 -0.002034 0.017599 -0.023092 -0.029545 0.006441 -0.015211 -0.076745 0.014341 -0.023335 
-0.030188 -0.027590 0.112059 -0.046045 -0.063909 0.021245 -0.061897 0.075040 -0.009783 0.046056 -0.025148 -0.036260 0.007122 0.099856 -0.047071 -0.002598 -0.043341 -0.034980 0.073341 -0.145088 -0.006956 0.009559 -0.035819 -0.007351 0.080001 -0.053681 -0.027789 -0.018598 0.000871 0.045799 -0.057939 0.000101 -0.041647 -0.029968 0.002998 -0.002873 0.052904 -0.091570 -0.001310 -0.002138 
-0.019058 -0.051787 0.153216 -0.072311 -0.068627 0.053181 -0.114834 0.100266 -0.032825 0.065026 -0.041707 0.000052 -0.049651 0.065088 -0.113592 0.028581 -0.026895 -0.005170 0.083906 -0.064953 0.022875 -0.056124 0.014466 0.062270 0.039722 -0.025853 -0.025885 -0.083468 0.007352 0.010747 0.038454 0.008872 -0.080031 -0.096360 -0.007785 0.009332 0.100843 -0.065094 -0.001704 0.041758 
-0.028967 -0.046126 0.115514 -0.042654 -0.068214 0.014216 -0.060461 0.103438 0.006004 0.039268 -0.031719 -0.037416 -0.006713 0.086017 -0.038874 0.011775 -0.040737 -0.043239 0.099913 -0.128242 0.038039 0.021990 -0.081693 -0.024535 0.075820 -0.049093 -0.036039 -0.072205 -0.011903 0.002199 -0.020189 -0.002957 -0.039387 -0.010881 0.043152 0.052606 0.025510 -0.045907 -0.014830 0.002518 
-0.010834 -0.035981 0.055311 -0.020100 -0.053982 0.014091 -0.008808 0.083818 0.022498 0.005787 -0.031341 -0.038700 -0.005513 0.089612 0.015811 -0.001874 -0.071980 -0.066226 0.079130 -0.105322 0.074600 0.031137 -0.152845 -0.065543 0.072118 -0.042700 -0.031382 -0.046997 -0.021295 0.015524 -0.063864 -0.013848 0.019905 0.037066 0.057263 0.053064 -0.077363 0.001800 -0.031653 -0.052024 
0.002749 -0.025791 0.001074 -0.000935 -0.021863 -0.004893 0.022541 0.072906 0.031910 -0.017612 -0.036749 0.001854 -0.036661 -0.028135 0.022368 -0.013017 -0.027085 -0.065253 0.075678 0.034357 0.105178 -0.024375 -0.084054 -0.011978 -0.025352 -0.009117 -0.010490 -0.056690 -0.017317 -0.017236 0.016023 -0.010647 -0.026370 0.048028 0.109395 0.044294 -0.049181 0.024161 -0.033199 -0.023625 
0.019567 -0.022249 -0.040222 0.015564 -0.000902 -0.011710 0.051072 0.059791 0.044473 -0.037472 -0.047914 0.040846 -0.067611 -0.125960 0.037978 -0.026712 0.001833 -0.064412 0.057681 0.150952 0.138429 -0.047725 -0.032344 0.035041 -0.071301 0.021784 -0.000274 -0.056986 -0.014886 -0.029025 0.068918 -0.006375 -0.055849 0.031919 0.139300 0.041709 -0.028971 0.032924 -0.031611 0.004926 
0.038322 -0.025028 -0.118955 0.039168 0.023606 -0.007065 0.097955 0.031221 0.066408 -0.064388 -0.050168 0.022183 -0.054915 -0.131984 0.060632 -0.040608 -0.004355 -0.066555 0.047042 0.119547 0.088092 0.036755 -0.008864 -0.020294 0.005964 0.030612 -0.004361 -0.016890 -0.006459 -0.040416 0.018166 0.007779 -0.048122 -0.051278 0.062572 0.077979 0.020337 0.011450 -0.008331 0.015144 
0.027517 -0.031020 -0.155021 0.077100 0.030716 -0.066550 0.146322 0.018325 0.095750 -0.089898 -0.027512 -0.001014 0.003982 -0.062971 0.102117 -0.046507 0.024658 -0.047329 0.004896 0.046557 0.010930 0.058301 0.058345 -0.060547 0.089613 0.039373 -0.001411 0.007253 0.009356 -0.018858 -0.020421 0.016073 -0.045319 -0.103655 0.018175 0.048854 0.093308 -0.069377 0.023278 0.007989 
0.011670 0.006512 -0.034402 0.013261 0.007662 -0.009746 0.044140 0.033724 0.029603 -0.028370 -0.028867 0.055518 -0.044322 -0.099424 0.025073 -0.041001 0.024582 -0.058337 0.008606 0.139231 0.096422 -0.061958 0.025716 0.078552 -0.064406 0.024811 0.006292 -0.003693 -0.005271 0.011133 0.050301 -0.001653 -0.044236 -0.004743 0.090228 -0.006297 0.015792 -0.011118 -0.017745 0.021339 
-0.002314 0.000466 -0.000010 -0.003993 -0.016275 0.003991 0.010790 0.047964 0.016722 -0.006194 -0.024603 0.019994 -0.017052 -0.003515 0.010684 -0.026425 -0.011720 -0.056324 0.018608 0.025781 0.050579 -0.034205 -0.024528 0.020717 -0.017325 -0.012034 -0.003260 0.000678 -0.004006 0.038292 -0.008764 -0.005019 -0.015692 0.005371 0.047368 0.007228 0.017028 -0.022704 -0.019761 0.001653 
-0.012579 -0.006594 0.049478 -0.024273 -0.046818 0.030407 -0.019939 0.053300 0.007654 0.021406 -0.022792 -0.013035 0.011298 0.109394 0.003378 -0.020470 -0.061207 -0.062468 0.030198 -0.120724 0.021071 0.021708 -0.099169 -0.035824 0.077427 -0.041745 -0.022326 0.008276 -0.008428 0.058056 -0.099087 -0.007038 0.034177 -0.013884 -0.012105 0.007050 -0.022243 -0.025806 -0.013704 -0.023029 
-0.023243 -0.060245 0.157756 -0.069980 -0.066268 0.063304 -0.104527 0.082064 -0.031149 0.078856 -0.044192 0.003868 -0.030456 0.042653 -0.096399 0.022983 -0.045032 -0.001869 0.067795 -0.084012 0.020198 -0.037325 0.004712 0.065388 0.023262 -0.028818 -0.016734 -0.082932 0.006114 0.003319 0.041150 0.008484 -0.064354 -0.101362 0.004283 0.006557 0.119453 -0.071109 -0.013880 0.043669 
-0.010975 -0.010598 0.057010 -0.023094 -0.047442 0.021357 -0.011474 0.068593 0.015446 0.014767 -0.023116 -0.021051 0.007016 0.106652 0.011180 -0.021659 -0.063530 -0.069770 0.044060 -0.107100 0.052418 0.040857 -0.117656 -0.060688 0.095524 -0.041445 -0.029707 -0.037957 -0.014536 0.024459 -0.056055 -0.009412 0.028891 0.013456 0.028029 0.041128 -0.067564 -0.028967 0.009949 -0.011767 
0.001630 -0.003256 0.002326 -0.002106 -0.016259 0.000290 0.016863 0.060820 0.024481 -0.012516 -0.030749 0.015172 -0.023244 -0.011738 0.016349 -0.028040 -0.013948 -0.065357 0.038758 0.032221 0.080123 -0.019384 -0.051154 -0.006300 -0.008600 -0.011679 -0.009813 -0.049885 -0.010484 -0.008705 0.024261 -0.005844 -0.023819 0.024012 0.084698 0.038779 -0.045153 -0.017526 0.007341 0.003812 
0.017814 0.004139 -0.038844 0.014246 0.006629 -0.009660 0.047580 0.046757 0.038074 -0.032311 -0.032971 0.056128 -0.049897 -0.108978 0.031534 -0.041850 0.018828 -0.064312 0.030065 0.143248 0.125204 -0.054328 0.004441 0.050639 -0.061110 0.024750 0.004026 -0.053014 -0.008034 -0.029668 0.082516 -0.001810 -0.058670 0.009880 0.126396 0.029960 -0.030683 -0.011764 0.011725 0.032411 
0.012631 -0.105938 0.042953 -0.056740 0.095820 -0.024088 -0.019533 -0.026521 -0.070583 0.202101 0.218564 -0.140721 0.013496 -0.191674 0.156108 -0.248962 0.110753 -0.015321 0.139831 -0.057823 -0.219255 -0.037505 0.062918 -0.152597 -0.119601 -0.137351 0.001622 -0.011310 0.009030 -0.070271 -0.209021 0.019391 -0.058310 -0.016292 -0.043826 -0.003832 -0.012024 0.052325 -0.039327 -0.050612 
-0.009744 -0.029079 0.036600 -0.047022 0.118258 0.012142 -0.006643 -0.060149 -0.086440 0.107882 0.187285 -0.111629 0.050830 -0.100379 0.105549 -0.174168 0.129762 -0.073950 0.068603 -0.013945 -0.083621 -0.006762 0.030626 -0.101509 -0.055309 -0.113361 -0.012447 -0.077436 0.010059 0.021121 -0.113649 0.005054 0.006569 -0.072092 -0.011053 0.053212 -0.017450 0.043465 -0.039930 -0.018282 
-0.031309 0.046213 0.033339 -0.035550 0.123922 0.052187 0.021758 -0.090248 -0.125285 0.007257 0.182841 -0.055335 0.074775 -0.029224 0.053510 -0.052888 0.106187 -0.137348 0.006194 -0.001412 0.066729 0.004242 0.023479 0.015031 0.013619 -0.078743 -0.021670 -0.112627 0.001277 0.070386 -0.028981 -0.006701 0.067851 -0.095613 0.006931 0.033928 0.040059 0.080966 -0.028565 0.050156 
-0.047453 0.105190 0.031977 -0.024537 0.114297 0.082561 0.048365 -0.111808 -0.170201 -0.059711 0.165387 -0.009442 0.090911 0.006543 0.009963 0.041011 0.053127 -0.157921 -0.043360 0.014056 0.137262 -0.015707 -0.031189 0.074471 0.060218 -0.045295 -0.032216 -0.074581 -0.018669 0.025883 -0.009841 -0.009441 0.099711 -0.061034 -0.024444 -0.041335 0.076957 0.082964 0.023918 0.135786 
-0.060953 0.133910 0.031509 -0.004660 0.064516 0.088644 0.057934 -0.123725 -0.171334 -0.103448 0.148941 0.058500 0.075946 0.044196 0.002115 0.091697 -0.010517 -0.109020 -0.092423 0.068795 0.172716 -0.049976 -0.063705 0.054726 0.105299 -0.048448 -0.036183 -0.024898 -0.021045 0.021851 0.000003 -0.006803 0.005116 0.024323 -0.042788 -0.090867 0.127908 -0.060247 -0.001732 0.013294 
-0.074667 0.131707 0.040162 0.018485 -0.004655 0.081260 0.061403 -0.133178 -0.147388 -0.119658 0.095396 0.084066 0.032804 0.036399 0.031558 0.096302 -0.044720 0.004975 -0.077415 0.078146 0.126407 -0.073927 -0.106844 -0.036518 0.046795 -0.059522 -0.012548 0.053118 -0.024508 -0.005701 0.086522 0.006316 -0.043194 0.085931 -0.083119 -0.062734 0.112706 -0.101884 -0.004235 -0.047528 
-0.090261 0.103642 0.066803 0.057386 -0.079168 0.060739 0.053104 -0.131935 -0.087040 -0.116358 0.029178 0.074485 -0.040859 0.035352 0.087624 0.021243 -0.082199 0.116461 0.006212 0.045657 -0.000807 -0.096552 -0.126088 -0.145784 -0.022041 -0.032544 0.017791 0.125759 -0.012556 -0.003235 0.205636 0.020650 -0.126355 0.057495 -0.105076 -0.105184 -0.014294 -0.142962 0.003113 -0.085843 
-0.101089 0.055192 0.092462 0.070126 -0.150362 0.026539 0.028285 -0.115444 -0.009199 -0.089148 -0.036256 0.021578 -0.109634 -0.005402 0.149702 -0.111325 -0.126106 0.120515 0.081266 0.012412 -0.094626 -0.070008 -0.034958 -0.117314 -0.039016 -0.009145 0.031342 0.162493 0.009359 0.013784 0.176656 0.021381 -0.114831 -0.001689 -0.096108 -0.000210 -0.035161 -0.025373 0.039280 0.088438 
-0.101596 0.024391 0.106413 0.071509 -0.187453 0.012617 0.023736 -0.100054 0.029732 -0.076734 -0.069305 -0.017304 -0.116398 -0.024895 0.159133 -0.195671 -0.124564 0.074144 0.059378 -0.024636 -0.098833 -0.042393 0.082120 -0.044802 -0.027304 0.000892 0.044654 0.122778 0.032958 0.034700 0.043105 0.005411 -0.031439 -0.030948 0.049419 0.086925 -0.075185 0.165706 0.008246 0.102721 
-0.101868 -0.013109 0.089172 0.075357 -0.182748 0.048751 0.037047 -0.068028 0.031623 -0.101891 -0.073280 -0.027207 -0.109548 -0.000874 0.111150 -0.199967 -0.067565 0.005946 0.019246 -0.069928 -0.056805 0.029205 0.130257 0.030954 0.020343 -0.009025 0.022354 0.036960 0.033525 0.026997 0.003527 -0.001865 -0.004003 -0.068626 0.112758 0.016534 -0.073254 0.144256 0.014247 0.015374 
-0.084269 -0.076410 0.065743 0.061015 -0.143090 0.092370 0.073285 -0.013406 0.017050 -0.159968 -0.092101 -0.032442 -0.101136 -0.005831 0.027777 -0.106899 0.047719 -0.033500 -0.066840 -0.072086 -0.007369 0.118293 0.096729 0.041899 -0.009739 -0.051944 -0.002225 -0.108998 0.023629 -0.012909 -0.070475 -0.005035 0.034876 -0.058784 0.128156 -0.010968 -0.119206 0.144992 -0.003667 -0.088126 
-0.053657 -0.123314 0.046793 0.020664 -0.076880 0.113165 0.111293 0.086544 0.004010 -0.182685 -0.094883 -0.024079 -0.059203 -0.018096 -0.032954 -0.005786 0.054634 -0.065163 -0.111353 -0.017693 -0.020133 0.113001 0.013451 0.022601 -0.009658 -0.075095 -0.033802 -0.143363 0.004894 -0.031582 -0.109855 -0.009694 -0.006390 -0.000834 0.095972 -0.036728 -0.013970 0.044733 -0.037396 -0.056765 
-0.023016 -0.146275 0.038162 -0.004078 -0.020393 0.111303 0.136614 0.170036 0.002747 -0.170802 -0.075815 -0.007804 -0.006198 -0.025897 -0.031829 0.083625 0.014591 -0.068957 -0.111977 0.032021 -0.062400 0.030289 -0.044241 0.019567 -0.049712 -0.099372 -0.047152 -0.112438 -0.017800 -0.092632 -0.123131 -0.003642 0.020981 0.030053 0.031381 -0.095859 0.090074 -0.028763 -0.034828 0.011085 
0.002569 -0.127896 0.038804 -0.012200 0.032989 0.099872 0.165246 0.237890 0.001923 -0.105529 -0.058032 0.008733 0.027332 -0.030554 -0.010181 0.117860 -0.028182 0.000190 -0.059153 0.050572 -0.085026 -0.038118 -0.030519 -0.008868 -0.033203 -0.083325 -0.041208 -0.042047 -0.027361 -0.136537 -0.134160 0.004386 0.074629 0.040205 -0.076151 -0.088881 0.133800 -0.033522 -0.019115 0.094113 
0.022749 -0.067075 0.036036 -0.011792 0.073130 0.063317 0.146788 0.262047 -0.002218 -0.007298 -0.026399 0.036252 0.031261 -0.009601 0.044934 0.086077 -0.043008 0.086697 -0.001365 0.062447 0.000558 -0.045997 0.031890 0.004293 0.009994 -0.069592 -0.030270 -0.009542 -0.016043 -0.100226 -0.044041 0.011481 0.033823 -0.015970 -0.130105 -0.059979 0.018567 -0.023648 0.014028 0.109836 
0.044273 0.008819 0.045618 -0.021873 0.105173 0.011385 0.109728 0.275508 -0.009560 0.108296 0.004132 0.064828 0.011734 0.006784 0.095694 -0.010136 -0.069716 0.152203 0.078417 0.060236 0.133939 -0.052138 0.079983 0.014058 0.032513 -0.050200 0.000192 0.028577 0.020090 0.074220 -0.023009 0.008791 -0.051909 -0.057288 -0.149527 -0.083967 -0.083459 0.023862 0.019493 0.010860 
0.062373 0.088382 0.057140 -0.031623 0.123990 -0.042656 0.071185 0.302994 -0.030413 0.221964 0.047443 0.095201 -0.005372 0.010284 0.149503 -0.105196 -0.100682 0.186491 0.145614 0.050051 0.254053 -0.063175 0.159175 -0.010639 0.061855 -0.032332 0.049709 0.043907 0.054450 0.249124 0.045842 -0.002790 -0.076535 -0.007060 -0.110559 -0.023715 -0.087406 0.095980 0.003167 -0.072453 
0.101346 -0.059888 0.089752 -0.007853 -0.037713 0.008826 -0.001934 -0.180714 0.188005 0.007167 -0.232615 -0.059889 0.181297 0.131084 -0.046738 0.034340 0.002214 0.160375 0.053525 0.213342 0.049559 -0.074668 0.201295 -0.098748 0.093924 -0.178653 -0.051734 -0.020799 0.028817 -0.007771 0.022560 -0.005988 0.166047 -0.062184 0.025887 -0.048199 0.053733 -0.082222 -0.082834 -0.200628 
0.081523 -0.068500 0.070894 -0.055534 -0.045428 0.007129 -0.005728 -0.118517 0.156230 -0.032752 -0.064235 0.040915 0.111485 0.029574 0.000969 0.059734 0.023850 0.185960 0.014310 -0.031288 0.091715 0.013711 0.103780 0.041256 -0.025871 -0.129807 -0.001992 0.021201 0.009572 0.003527 -0.001886 -0.006876 0.031406 -0.019396 0.014684 0.022206 0.077182 -0.015281 -0.102134 -0.172594 
0.068409 -0.083709 0.052255 -0.086287 -0.056224 0.021809 0.004407 -0.068330 0.146196 -0.102469 0.092173 0.074611 0.007767 0.008379 0.005717 0.080821 0.033722 0.181648 -0.030618 -0.133198 0.091211 0.062369 0.009791 0.112169 -0.046151 -0.067263 0.005523 0.036203 -0.010994 -0.003604 -0.050586 -0.010939 0.012482 0.034305 -0.032553 0.049705 0.033624 0.071643 -0.058484 -0.071896 
0.072225 -0.065203 0.035932 -0.094786 -0.081642 0.028577 0.008789 -0.040776 0.141497 -0.126709 0.169972 0.058354 -0.052765 0.003127 -0.000800 0.080557 0.029809 0.133043 -0.051862 -0.098076 0.030411 -0.009654 0.015925 0.068162 0.071223 0.037062 0.008663 0.044803 -0.008013 -0.034875 -0.077750 -0.009500 -0.008585 0.065321 0.030844 0.058482 0.017608 0.045265 0.019489 0.077875 
0.085162 -0.029797 0.042227 -0.082250 -0.098257 0.016630 0.019755 -0.013171 0.122366 -0.087495 0.209425 0.000903 -0.126397 0.051058 -0.030615 0.059439 0.002380 0.046902 -0.023148 0.057004 -0.059732 -0.131977 0.068173 0.033275 0.232835 0.143662 -0.020196 0.060576 0.001108 -0.028104 -0.088717 -0.011646 -0.084654 0.062285 0.111989 0.063133 -0.011957 -0.031610 0.039404 0.190590 
0.083660 0.022012 0.040405 -0.085824 -0.100208 0.015677 0.005119 0.015320 0.157192 -0.077794 0.201811 0.013968 -0.087334 0.065980 -0.063327 -0.030867 0.042482 -0.024092 -0.006725 0.067326 -0.078510 -0.177018 -0.009502 -0.032539 0.167720 0.175696 -0.005320 -0.039290 0.008380 0.048795 -0.010984 -0.005933 -0.011713 -0.014942 0.031864 -0.077703 0.101831 0.025628 -0.094913 -0.034780 
0.083037 0.057043 0.040043 -0.099072 -0.077004 0.009504 -0.002971 -0.000534 0.165808 -0.119290 0.166375 0.097688 -0.005308 0.020424 -0.028124 -0.049210 0.053645 -0.013827 -0.019926 -0.045060 0.033089 -0.060335 -0.127463 -0.041319 -0.044412 0.120087 0.056623 -0.056197 0.014917 0.118928 0.039704 -0.006373 0.025295 -0.000339 0.028838 -0.083329 0.032241 0.085012 -0.016196 0.038593 
0.083248 0.078123 0.056188 -0.095227 -0.059921 0.003312 -0.006614 -0.018368 0.166082 -0.098995 0.091337 0.077909 0.033180 -0.005611 -0.024887 -0.062472 0.051719 -0.026225 0.035493 -0.091753 0.066608 0.031782 -0.174456 -0.001979 -0.163635 0.030833 0.046810 -0.037192 0.000836 0.095892 0.053617 -0.000784 0.021417 -0.028849 -0.023668 -0.049770 -0.039837 0.106888 0.029664 0.071508 
0.104235 0.086793 0.093417 -0.055721 -0.033756 -0.013247 -0.005634 -0.084267 0.158434 -0.043928 -0.029618 -0.025905 0.082541 -0.049486 0.021259 0.006620 0.028641 -0.089444 0.188529 -0.061753 0.024630 0.123305 -0.144428 0.035180 -0.144334 -0.043413 -0.012411 0.026045 -0.031022 0.061467 0.064924 0.005727 0.020341 -0.040719 -0.029445 -0.055853 -0.047059 -0.038525 0.059234 0.113253 
0.135216 0.100246 0.125037 0.000851 -0.008788 -0.012548 -0.007570 -0.157440 0.150227 -0.017250 -0.147026 -0.155577 0.103186 -0.022077 0.027954 0.108193 0.024438 -0.183929 0.340949 0.118689 -0.066931 0.165681 -0.039898 0.018200 -0.013981 -0.101755 -0.107168 0.057197 -0.057694 -0.002548 0.113510 0.016135 0.095105 -0.115029 -0.073942 -0.062619 -0.092671 -0.196442 0.127575 0.189913 
0.059345 -0.012442 -0.000739 -0.081880 -0.008299 -0.077321 -0.028802 0.037341 -0.029472 -0.011663 -0.007656 0.009521 -0.027704 0.005741 0.053528 0.009321 -0.040593 -0.107006 -0.030962 0.031825 -0.102077 -0.048253 -0.065579 -0.011452 0.090071 0.065608 -0.023939 0.045563 -0.028437 0.007787 -0.041677 -0.018160 -0.035889 0.119859 -0.033945 0.267123 0.046047 0.080556 -0.095724 -0.074904 
0.041619 -0.014489 -0.010666 -0.063700 0.002313 0.007726 -0.030424 0.045231 -0.060331 -0.013201 -0.002950 -0.001972 0.026277 0.062640 0.093506 -0.011683 -0.013624 -0.061909 0.014920 0.058995 -0.069497 0.031249 -0.008748 -0.014674 0.023494 0.139712 0.018764 0.006745 -0.010118 -0.025625 -0.028034 -0.011140 0.010541 0.139169 -0.022865 0.166692 0.045989 0.024772 -0.037016 -0.041148 
0.022214 -0.018790 -0.021721 -0.047309 0.007723 0.096497 -0.037282 0.046527 -0.086604 -0.016556 0.004750 -0.016122 0.077967 0.123142 0.134167 -0.031119 0.003269 -0.005585 0.057552 0.082408 -0.050582 0.103383 0.045440 -0.016262 -0.045828 0.213554 0.060891 -0.023732 0.007340 -0.047891 -0.008653 -0.006638 0.060153 0.149270 0.008880 0.062926 0.054169 -0.035550 0.004448 -0.024658 
0.003593 -0.021050 -0.030281 -0.030445 0.008525 0.181682 -0.044409 0.046255 -0.107946 -0.023135 0.010251 -0.031922 0.120135 0.179375 0.164492 -0.044274 0.016804 0.045836 0.093058 0.116154 -0.032278 0.163867 0.104424 -0.013839 -0.125636 0.277840 0.103589 -0.062006 0.024220 -0.072055 0.014541 -0.003736 0.122338 0.175920 0.038499 -0.020402 0.044433 -0.084066 0.047646 -0.020335 
0.010258 -0.012187 -0.071068 -0.010519 0.020110 0.062815 -0.040059 0.039703 -0.072649 0.035261 -0.031284 0.021530 0.001888 0.084678 0.053841 -0.017608 -0.001338 0.047662 0.085646 -0.000441 -0.022767 0.018989 -0.051924 0.162788 -0.005715 0.015952 -0.082621 0.004390 -0.064398 0.027139 0.008803 -0.024212 -0.034628 0.068488 0.032833 0.025973 0.019367 -0.043345 -0.099485 -0.084567 
0.006002 -0.016915 -0.065947 -0.010948 0.009504 0.084898 -0.052075 0.031873 -0.073852 0.036044 -0.015936 0.003267 0.010352 0.085064 0.069025 -0.031234 -0.007753 0.035795 0.076174 0.027644 -0.027543 0.043095 -0.021358 0.095807 -0.006043 0.072083 -0.039977 -0.034661 -0.023779 -0.015348 -0.029755 -0.000861 -0.089383 -0.020125 0.023197 0.014984 0.017159 -0.058534 -0.037911 -0.046885 
0.000496 -0.009802 -0.056599 -0.011800 0.001735 0.104765 -0.061821 0.023675 -0.079243 0.039445 -0.011041 -0.011184 0.024764 0.096624 0.073818 -0.046044 -0.012530 0.029046 0.074823 0.038503 -0.030618 0.066541 0.001855 0.053497 -0.017043 0.121733 -0.003727 -0.064537 0.005883 -0.045796 -0.034081 0.011201 -0.087048 -0.054760 0.023075 -0.006013 -0.011762 -0.063358 0.040425 0.008851 
0.006060 -0.001269 -0.070479 -0.009551 0.010100 0.083290 -0.054152 0.013928 -0.080287 0.047027 -0.001450 -0.009486 0.020330 0.082209 0.052137 -0.037479 0.000358 0.027552 0.063992 0.018676 -0.058245 0.043049 -0.014007 0.101389 0.005872 0.094560 -0.037927 -0.016193 -0.024592 -0.086141 -0.030772 0.004200 -0.083117 -0.003690 0.052632 0.002857 -0.023083 -0.103156 0.050474 0.003937 
0.011259 -0.005687 -0.074378 -0.010058 0.015896 0.060567 -0.047742 0.003522 -0.091841 0.043975 -0.004651 -0.022976 0.016081 0.070111 0.028232 -0.038108 0.013439 0.026886 0.073886 -0.014186 -0.081671 0.017474 -0.042330 0.160677 0.022246 0.062581 -0.078129 0.033779 -0.058533 -0.125273 -0.024602 -0.008375 -0.079565 0.060082 0.088332 0.029577 -0.063631 -0.127874 0.061521 0.003351 
0.036904 -0.071821 0.001486 -0.047019 0.009528 -0.082152 -0.047989 -0.015585 -0.061153 -0.007442 -0.088929 0.013148 -0.039453 -0.036161 -0.022100 0.045550 -0.059414 0.043539 -0.100200 -0.030946 0.029462 0.062231 0.091534 -0.000338 -0.019268 -0.109727 -0.048061 0.088871 0.178014 -0.111867 0.010137 0.047045 -0.081518 0.061207 -0.108047 0.051013 0.088180 -0.007433 0.259391 -0.041168 
0.044266 -0.059535 0.010785 -0.063337 -0.013058 -0.081267 -0.044557 -0.024105 -0.066818 -0.013366 -0.073196 -0.009865 -0.030827 -0.046735 -0.030034 0.053048 -0.138783 0.003482 -0.173452 -0.080000 0.074536 0.004139 0.215615 -0.121130 -0.110043 0.023570 -0.131753 0.059990 -0.186943 -0.071629 -0.011560 0.294514 0.017462 0.013958 -0.033412 0.076779 -0.050836 -0.062190 -0.009169 0.083475 
0.044128 -0.048347 0.012618 -0.063210 -0.011843 -0.080537 -0.041217 -0.019280 -0.085315 -0.009933 -0.068005 -0.007458 -0.034518 -0.038556 -0.032221 0.048566 -0.128035 -0.012419 -0.158536 -0.059013 0.054746 -0.003546 0.170765 -0.103197 -0.086727 0.045420 -0.161776 0.064121 -0.209077 -0.046075 -0.019573 0.302927 0.035122 0.012870 0.019047 0.053842 -0.080812 -0.044057 -0.034545 0.090611 
0.047662 -0.038570 0.002113 -0.052666 0.022781 -0.087682 -0.042398 0.003071 -0.095468 -0.008052 -0.061034 0.022298 -0.042163 0.003828 -0.026209 0.042253 -0.020412 0.000838 -0.065259 0.021556 -0.041659 0.009506 -0.043176 0.057449 0.038359 -0.053693 -0.094303 0.082708 0.073222 -0.052383 -0.023936 0.012638 0.024059 0.019192 0.057166 0.007207 -0.052989 0.077113 0.294382 -0.054037 
0.042025 -0.047651 -0.026736 -0.044793 0.030969 -0.099378 -0.056066 0.004282 -0.093923 -0.024392 -0.082304 0.018840 -0.065247 -0.011711 -0.029306 0.018076 -0.010838 0.010176 -0.055179 0.044238 -0.054916 0.018522 -0.063485 0.097028 0.102410 -0.159497 0.244336 0.075578 0.114528 -0.135160 0.000266 -0.294632 -0.015959 -0.013474 -0.008187 0.054720 -0.098839 -0.031750 -0.033691 0.089024 
0.043959 -0.061043 -0.027072 -0.035043 0.029538 -0.095777 -0.058256 -0.003691 -0.082941 -0.024937 -0.090360 0.017809 -0.063083 -0.019821 -0.025580 0.023445 -0.020109 0.026958 -0.060197 0.023818 -0.038884 0.030558 -0.033606 0.091999 0.082569 -0.179639 0.294916 0.065647 0.108721 -0.155563 0.009538 -0.299680 -0.042254 -0.025017 -0.045664 0.033108 -0.065426 -0.060574 0.016288 0.077911 
0.053601 0.024057 0.004683 -0.055666 0.021964 -0.085704 -0.043103 0.020015 -0.099742 -0.005686 -0.059549 0.005129 -0.031329 0.001836 -0.041899 -0.023676 -0.008145 -0.046465 -0.062080 0.022784 -0.052704 0.000266 -0.110060 0.042519 0.040679 -0.006723 -0.086354 -0.016561 0.045244 0.103823 0.089970 -0.017798 -0.050487 -0.016181 0.080490 -0.068581 0.032770 0.084853 0.141050 -0.198796 
0.051233 0.042174 0.012460 -0.069699 -0.014083 -0.084720 -0.048129 0.003510 -0.097210 -0.011361 -0.055405 -0.036614 -0.012376 -0.045427 -0.044658 -0.049599 -0.109620 -0.091588 -0.149726 -0.065331 0.029777 -0.020240 0.072505 -0.151672 -0.100249 0.110624 -0.168934 -0.040834 -0.066009 0.053632 0.084736 -0.337844 -0.024224 -0.070777 0.029638 -0.040761 -0.052480 -0.058350 -0.156270 -0.034291 
0.056288 0.055959 0.012013 -0.066066 -0.014342 -0.088935 -0.050884 -0.002950 -0.086792 -0.015065 -0.056385 -0.048280 -0.004676 -0.057793 -0.055557 -0.067238 -0.115609 -0.113367 -0.137927 -0.073042 0.038246 -0.018923 0.076000 -0.176837 -0.133169 0.109599 -0.100610 -0.064617 -0.113062 0.029063 0.059357 -0.328619 -0.061987 -0.096934 0.037102 -0.078730 -0.027590 -0.070071 -0.096487 -0.029066 
0.054473 0.069623 0.004374 -0.054457 0.015452 -0.088124 -0.055095 0.007647 -0.080996 0.000328 -0.068101 -0.026671 -0.013732 -0.044832 -0.061693 -0.080542 -0.035033 -0.090457 -0.066904 -0.017163 -0.020521 0.018265 -0.059999 -0.052419 -0.031278 0.010542 -0.042619 -0.073977 0.179215 0.045602 0.074762 0.015275 -0.086498 -0.068775 0.038228 -0.096143 0.059986 0.005693 0.159620 -0.139139 
0.054150 0.053598 -0.022956 -0.045500 0.033664 -0.098177 -0.060988 0.006774 -0.093035 -0.016816 -0.073479 -0.025683 -0.032952 -0.016536 -0.067740 -0.085738 0.001827 -0.065799 -0.044043 0.021638 -0.079321 -0.019136 -0.140289 0.042025 0.067780 -0.074690 0.272271 -0.077426 0.041884 0.021804 0.049222 0.361640 -0.045879 -0.034530 0.106116 -0.107199 -0.048136 -0.015935 -0.074851 -0.043196 
0.052692 0.037510 -0.023029 -0.049451 0.036432 -0.100247 -0.056797 0.011703 -0.103040 -0.016971 -0.076201 -0.015114 -0.038832 -0.006828 -0.059859 -0.068407 0.006358 -0.057611 -0.047061 0.034194 -0.085846 -0.018890 -0.151133 0.067134 0.090139 -0.083883 0.233197 -0.055612 0.015691 0.039295 0.062344 0.337380 -0.024277 -0.020116 0.094442 -0.078520 -0.062391 -0.003952 -0.121877 -0.059404 
-0.031432 -0.014006 -0.149785 0.080468 0.021143 -0.057764 0.011679 -0.001011 0.061458 0.017241 0.004841 0.074564 -0.047599 0.015859 -0.029788 0.134500 0.075278 -0.038595 0.094999 -0.055489 0.064976 0.078545 -0.030914 -0.157422 -0.002579 -0.115586 -0.008597 0.070197 -0.017892 0.038622 -0.070975 -0.016100 -0.027699 0.238480 0.033780 0.081444 -0.102485 -0.045896 0.015052 -0.027721 
-0.002299 -0.017541 -0.139351 0.070913 0.048843 0.079466 -0.035369 -0.026378 0.062610 0.070929 -0.027673 0.065705 -0.050896 -0.068419 -0.050535 0.066579 -0.031993 0.001410 0.023136 -0.017644 0.056440 -0.014218 -0.054756 -0.019230 -0.020620 -0.031865 -0.004566 0.004142 -0.019687 0.023563 0.036497 -0.000514 0.060800 0.046945 -0.108068 0.076773 -0.069273 0.072347 -0.005323 -0.053741 
-0.000560 -0.011137 -0.122135 0.051246 0.037801 0.151560 -0.057995 -0.042950 0.074934 0.105901 -0.045668 0.033999 -0.052211 -0.085929 -0.035334 0.011980 -0.084901 0.022430 -0.032695 -0.010890 0.038509 0.008308 -0.063715 0.005122 0.006866 0.021024 -0.000346 -0.069640 -0.014681 -0.044689 0.055989 0.007707 0.122250 -0.089710 -0.107291 0.060616 -0.022545 0.128184 0.002798 0.036505 
0.000503 -0.003103 -0.124443 0.057170 0.034428 0.149063 -0.061360 -0.048404 0.070774 0.110875 -0.040594 0.025870 -0.039729 -0.067505 -0.045430 0.007931 -0.080112 0.017147 -0.037449 -0.021299 0.008097 -0.016364 -0.050785 0.004472 0.027179 0.017841 -0.009084 -0.096729 -0.008083 -0.037066 0.056671 0.007679 0.093197 -0.119275 -0.078420 0.058546 -0.014937 0.103763 -0.006196 0.029689 
-0.000536 0.003982 -0.123996 0.053503 0.038121 0.150023 -0.050227 -0.055038 0.070306 0.114045 -0.041407 0.023800 -0.043062 -0.079979 -0.053748 0.005147 -0.077100 0.020127 -0.058039 -0.015765 -0.008032 -0.006628 -0.034520 0.007893 0.025518 0.031942 -0.002884 -0.120104 0.000437 0.018183 0.072734 0.003408 0.090057 -0.111375 -0.066159 0.037522 0.043398 0.119088 -0.032284 0.023216 
-0.000537 0.012481 -0.144924 0.071718 0.049437 0.081848 -0.029776 -0.048830 0.058321 0.080440 -0.010653 0.031043 -0.020784 -0.055754 -0.087414 0.041109 -0.002266 0.001869 -0.044904 -0.044230 -0.051641 -0.011191 0.002098 -0.021395 0.029403 0.004786 -0.008986 -0.096143 0.000512 0.042248 0.028248 -0.006483 0.036564 -0.019981 -0.007008 -0.084474 0.006769 0.037450 -0.011988 0.044157 
-0.024089 0.030820 -0.152078 0.079771 0.025637 -0.047274 0.011942 -0.026405 0.054329 0.040368 0.018685 0.030940 -0.004381 0.018004 -0.093139 0.083217 0.100089 -0.022843 0.022539 -0.064558 -0.102529 0.045943 0.062395 -0.179287 0.050360 -0.065750 -0.006775 -0.059037 0.018031 0.108362 -0.067435 -0.020260 -0.090251 0.152557 0.108377 -0.134575 -0.060426 -0.039234 -0.006485 0.043389 
-0.091314 0.021192 0.005499 0.093095 0.004509 -0.137459 0.027316 0.016094 0.035011 0.043593 0.017558 -0.052292 0.051121 -0.017697 -0.100665 0.040289 0.138496 -0.019861 0.007084 0.003755 -0.078858 -0.052182 0.087187 0.040629 -0.058549 0.052804 0.014398 0.022529 0.012149 0.025080 -0.022920 -0.009382 -0.055151 0.054994 0.073031 -0.208432 0.020234 -0.050246 -0.016993 0.000324 
-0.117630 0.016539 0.081122 0.093545 -0.000972 -0.179706 0.034333 0.055107 0.036684 0.045629 0.036351 -0.090703 0.086747 0.019869 -0.077486 0.017625 0.113107 -0.024266 0.003456 -0.023865 0.004971 -0.070261 0.051402 0.102362 -0.054938 0.096342 0.031150 0.051262 0.017403 -0.015433 0.015802 0.003307 -0.002730 -0.076812 0.032158 -0.004895 0.085370 -0.034740 0.011347 0.021994 
-0.119282 0.013213 0.094080 0.092005 -0.002330 -0.181842 0.034240 0.066762 0.039095 0.043160 0.035541 -0.088136 0.085563 0.040254 -0.058323 0.012736 0.088556 -0.013408 0.009648 -0.041897 0.058881 -0.069421 0.012006 0.097490 -0.051600 0.093537 0.036718 0.085976 0.013048 -0.042688 -0.002103 0.007837 0.011121 -0.089999 0.003818 0.030615 0.052070 -0.059363 0.019871 0.008691 
-0.116316 0.010388 0.087246 0.091079 -0.002807 -0.185122 0.030255 0.072753 0.039529 0.035957 0.032323 -0.068210 0.067572 0.041110 -0.052646 0.023505 0.087105 -0.007141 0.015690 -0.013145 0.108250 -0.079123 -0.008863 0.092725 -0.080960 0.083077 0.041702 0.088119 0.004787 -0.045929 0.021631 0.004919 0.031379 -0.047068 0.005132 0.062162 0.014744 -0.039771 0.019205 -0.005590 
-0.088965 0.002772 0.014111 0.083758 0.000271 -0.146629 0.024737 0.057196 0.040812 0.025130 0.021971 -0.006421 0.016935 0.033517 -0.054814 0.064763 0.068636 -0.005670 0.050680 0.021852 0.159541 -0.051876 -0.044729 0.002295 -0.129953 0.014608 0.046214 0.084841 -0.001400 -0.006906 0.005720 -0.003632 0.032610 0.099097 0.001982 0.018399 -0.061126 -0.003176 0.023305 0.002192 
-0.035756 -0.013588 -0.129694 0.076001 0.020404 -0.033375 -0.003007 -0.000529 0.050606 0.021948 0.002744 0.074782 -0.046164 0.001732 -0.047788 0.118627 0.058551 -0.032972 0.094164 -0.060248 0.074203 0.061485 -0.027259 -0.113055 -0.028297 -0.097992 0.002115 0.087590 -0.015273 0.084530 -0.084467 -0.023911 -0.007655 0.241448 0.066415 0.007129 -0.124919 -0.016672 -0.031990 -0.083673 
-0.008791 -0.007646 -0.158071 0.055305 0.018533 0.077133 -0.075266 -0.006972 0.032079 0.085843 -0.010315 0.034523 -0.026668 -0.045366 -0.041709 0.029179 -0.049106 0.008819 0.085848 -0.075404 0.035982 -0.118787 0.029532 0.072947 0.000248 -0.030732 -0.018849 -0.037725 -0.011753 -0.059816 0.048847 0.001252 0.009154 -0.050047 -0.013475 0.053825 0.038978 -0.036780 0.035320 0.029247 
-0.007709 -0.003273 -0.151807 0.055360 0.020548 0.087590 -0.078892 -0.018227 0.030654 0.091771 -0.015748 0.021015 -0.015355 -0.032814 -0.052977 0.016117 -0.059439 0.015553 0.071778 -0.089983 0.005703 -0.126779 0.033537 0.070485 0.013110 -0.025912 -0.021519 -0.066540 -0.003352 -0.043730 0.046854 0.002164 0.006880 -0.091696 -0.006285 0.037113 0.034723 -0.019418 0.028990 0.024780 
-0.007384 0.002532 -0.158784 0.061289 0.019280 0.074011 -0.072134 -0.025411 0.028409 0.092024 -0.000085 0.022452 -0.010143 -0.034770 -0.058076 0.018593 -0.037712 0.005100 0.052663 -0.084709 -0.015853 -0.129169 0.067329 0.068135 0.023623 -0.023024 -0.019898 -0.096531 0.003580 0.006986 0.079163 -0.005291 0.003291 -0.074803 0.033061 0.024731 0.091722 -0.023952 0.003492 0.027214 
-0.032490 0.028420 -0.133427 0.079085 0.025966 -0.028483 0.004648 -0.020964 0.046563 0.047261 0.018528 0.038102 0.000172 0.007397 -0.092443 0.079597 0.090491 -0.010433 0.014843 -0.067285 -0.060611 0.021561 0.059988 -0.125916 0.023114 -0.045269 0.007473 -0.015098 0.017861 0.135538 -0.058787 -0.022537 -0.044638 0.153995 0.092023 -0.155448 -0.065269 -0.026649 0.008625 0.063696 
-0.106420 0.012092 0.093907 0.073387 0.006061 -0.122123 0.053925 0.020315 0.051908 0.097430 -0.030186 -0.063664 0.029440 -0.048200 -0.073424 0.003545 0.080102 -0.017583 -0.100717 0.082965 -0.040408 0.124107 -0.060068 -0.006871 0.083120 0.115508 -0.015787 0.045078 -0.004244 0.056701 -0.035688 0.003324 0.039160 -0.093212 -0.032516 0.110027 0.067872 0.034023 -0.067580 -0.031367 
-0.108293 0.013206 0.107457 0.073187 0.005211 -0.118167 0.053836 0.026737 0.059292 0.099067 -0.033602 -0.058956 0.031117 -0.021006 -0.048763 -0.004945 0.046574 -0.003538 -0.098653 0.070190 -0.007877 0.135062 -0.089728 -0.021106 0.089535 0.114708 -0.008628 0.079633 -0.006564 0.043196 -0.056741 0.007316 0.070231 -0.098857 -0.073912 0.127480 0.059765 0.027467 -0.050316 -0.007327 
-0.105704 0.013865 0.100374 0.068467 0.006905 -0.120742 0.052145 0.032984 0.055820 0.093125 -0.030394 -0.037268 0.019028 -0.020732 -0.042153 0.008424 0.043012 0.001441 -0.103998 0.093238 0.027780 0.122876 -0.088882 -0.023987 0.060432 0.102375 0.002173 0.092044 -0.011087 0.039234 -0.039592 0.003356 0.096736 -0.052546 -0.070561 0.148597 0.041855 0.037575 -0.054567 -0.025128 
0.200309 0.206403 0.037975 -0.062290 0.105214 0.039234 0.129383 -0.026616 -0.007076 0.008299 -0.180189 -0.006101 -0.154956 0.029198 -0.078206 -0.101993 0.278718 0.096228 -0.006547 -0.076569 -0.005250 0.076146 -0.024446 -0.029258 0.098081 0.010410 -0.081362 -0.052509 -0.063335 -0.026896 0.071780 -0.008597 -0.118272 0.096088 -0.058492 0.181199 0.146297 -0.014748 -0.075449 -0.031455 
0.174921 0.262649 0.001836 -0.050913 0.056514 0.046795 0.116741 0.016214 0.036339 -0.001335 -0.129705 -0.018797 -0.077716 0.016800 -0.006458 -0.088786 0.145936 0.003945 0.025664 -0.034939 -0.035926 0.015997 -0.027843 0.018923 0.029015 -0.034084 -0.070131 0.026888 -0.058396 -0.058609 0.029759 -0.005100 -0.077155 0.074512 0.001518 0.116926 0.076910 0.022298 -0.038454 0.023184 
0.145429 0.271591 -0.034904 -0.044427 -0.005362 0.054645 0.107068 0.058570 0.047890 -0.005649 -0.038580 -0.028066 0.051200 0.021768 -0.019459 -0.030916 -0.042511 -0.040436 0.012071 -0.079396 -0.034780 -0.035651 0.046504 0.006065 -0.019954 -0.081721 0.006835 0.084366 -0.003272 -0.060190 -0.011140 0.002052 -0.026635 0.006824 0.105384 0.055218 0.071387 0.011453 -0.047731 -0.006423 
0.121787 0.205219 -0.040825 -0.025096 -0.077883 0.056000 0.087386 0.101447 0.032794 0.047787 0.066910 -0.028698 0.114897 0.005572 -0.002535 0.039530 -0.179281 -0.118720 -0.032892 -0.082190 -0.041725 -0.107141 0.088967 -0.016649 -0.010484 -0.096487 0.060967 0.128565 0.034670 -0.086532 -0.046308 0.012947 0.014630 -0.083017 0.138205 0.010832 0.048249 -0.035621 -0.028468 -0.044163 
0.133910 0.102323 -0.020535 0.005193 -0.141645 0.003873 0.009241 0.120205 -0.046851 0.060741 0.150901 0.033643 0.123146 0.036695 0.053452 0.084848 -0.101811 -0.089689 -0.058258 0.076288 0.020024 -0.032039 0.042023 -0.047554 -0.020293 -0.099446 0.036303 0.092034 0.025473 -0.104967 -0.064740 0.006155 0.072834 -0.116539 0.176607 0.057807 -0.105016 0.006849 0.008991 -0.024669 
0.136144 0.012250 0.028206 0.055391 -0.144752 -0.046076 -0.025424 0.037093 -0.082092 0.046460 0.141173 0.125368 0.070279 0.035255 0.117940 0.115442 0.019832 -0.010609 -0.097221 0.101680 0.028918 0.014219 -0.047406 -0.086338 -0.076539 -0.079778 0.020383 -0.028000 0.013802 -0.098576 -0.096617 0.007337 0.095897 -0.166313 0.091612 0.002953 -0.190364 0.008894 0.061608 -0.039858 
0.096809 -0.052112 0.058005 0.114451 -0.098264 -0.121575 -0.056320 -0.021982 -0.059349 -0.001079 0.054676 0.301883 -0.067862 0.058930 0.163606 0.027225 0.085853 0.037798 -0.006556 0.134627 -0.027551 0.071646 -0.034766 -0.031641 -0.025173 -0.104570 -0.078229 -0.176576 -0.011357 0.124237 -0.102256 -0.010104 0.062330 -0.155109 0.003024 -0.020189 -0.067343 -0.009787 0.037580 0.012294 
0.053267 -0.060008 0.037715 0.137976 0.011223 -0.178312 -0.023328 -0.051228 -0.072576 -0.086992 0.000976 0.285074 -0.052528 -0.025322 0.084873 -0.036880 0.010605 0.012485 0.098697 0.057861 -0.065674 -0.008083 0.014348 -0.002548 0.125141 -0.054310 -0.107824 -0.160109 -0.024752 0.130566 -0.118713 -0.007808 0.029587 -0.080746 -0.087333 -0.027567 0.122462 -0.096993 -0.007077 0.045527 
0.045561 -0.013200 0.032304 0.093545 0.050230 -0.171066 0.052958 -0.067482 -0.122527 -0.149123 -0.053928 0.096340 -0.018942 -0.062172 -0.040492 -0.141015 -0.094805 0.061033 0.137938 -0.028245 -0.022974 -0.061418 0.043881 0.071200 -0.000584 -0.005472 -0.037735 -0.116007 -0.012518 -0.001530 -0.142443 -0.005905 0.073575 0.093256 -0.135701 -0.081020 0.121562 -0.039127 -0.026250 0.028029 
0.059657 0.033791 0.011953 0.066812 0.019374 -0.136508 0.012624 -0.053249 -0.112627 -0.162638 -0.033200 -0.083174 0.040727 -0.073137 -0.074127 -0.128810 -0.191177 0.067781 0.137606 -0.022504 0.078856 -0.019129 -0.026730 0.053104 -0.054869 -0.037339 -0.003280 -0.045103 0.001702 -0.018436 -0.150853 -0.000723 0.069513 0.118415 -0.117818 -0.054004 0.094490 0.073740 -0.075768 0.004118 
0.102002 0.062670 0.002473 0.033983 -0.034517 -0.028783 -0.029576 -0.000913 -0.087825 -0.139125 -0.017681 -0.206021 0.051448 -0.078164 -0.067427 -0.097879 -0.012434 0.078436 0.006027 -0.114570 0.172339 0.057394 0.044202 0.083295 -0.073869 -0.032394 0.049527 -0.062133 0.031826 -0.019778 -0.090812 0.011443 -0.012991 0.101035 -0.159806 -0.080588 -0.000248 0.050243 -0.011972 -0.021935 
0.130155 0.030806 -0.029184 0.037691 -0.110660 0.045729 -0.073545 0.098306 -0.070975 -0.114604 0.024789 -0.164121 0.079657 -0.068098 -0.064962 -0.018413 0.087404 -0.028731 -0.053347 -0.070312 0.158870 0.035760 0.102630 -0.007009 0.057418 -0.023168 0.055048 -0.055977 0.054609 0.084849 0.060974 0.017759 -0.090796 0.040301 -0.152068 0.062394 -0.019242 -0.008107 0.027804 -0.028881 
0.168983 -0.048349 -0.054358 0.028861 -0.159054 0.088916 -0.039763 0.101260 -0.015320 -0.066420 0.069517 -0.136169 0.132191 -0.095508 0.004489 0.047241 0.145251 -0.057707 -0.074030 -0.000573 0.058035 0.018349 0.068329 -0.075695 0.041419 -0.005815 0.054637 -0.012443 0.049541 0.084836 0.112415 0.020521 -0.109757 -0.003577 -0.134243 0.103305 -0.021161 0.009182 0.031099 -0.028413 
0.196881 -0.140566 -0.038158 0.030581 -0.136189 0.109880 0.082907 0.031688 -0.010577 0.024363 0.071779 -0.119438 0.159974 -0.056088 -0.005484 0.086485 0.085516 -0.036746 -0.031403 -0.003885 -0.078776 -0.045765 -0.037427 -0.058380 -0.006245 0.005999 0.021898 0.063155 0.018914 0.067175 0.106175 0.014423 -0.111784 -0.025047 -0.109668 0.004764 -0.030318 0.010288 0.019266 -0.055422 
0.220739 -0.189162 -0.019651 0.050240 -0.022065 0.078799 0.140838 -0.059479 -0.020452 0.063008 0.030733 -0.038341 0.084456 -0.009498 0.007069 0.033151 0.032719 -0.023152 0.005181 0.024226 -0.153776 -0.053396 -0.061161 0.055334 -0.014397 0.013610 -0.037566 0.151592 -0.031579 0.044220 0.081740 -0.002456 -0.059353 -0.029504 -0.033059 -0.102003 -0.044548 0.059018 -0.016549 0.010111 
0.226646 -0.179511 0.049598 0.043376 0.105076 -0.008588 0.146715 -0.091685 -0.063407 0.109983 0.005549 0.058687 0.017141 0.089936 -0.044400 -0.062338 -0.010547 0.036624 0.008493 -0.017302 -0.060762 0.041434 -0.057256 0.054038 -0.017776 0.032886 -0.020786 0.168134 -0.039218 0.006440 0.082153 -0.016555 0.010387 -0.009961 0.114048 -0.058534 0.016826 0.094891 -0.057532 0.070395 
0.236673 -0.154947 0.112859 0.047764 0.188629 -0.046463 0.144822 -0.144413 -0.103159 0.166013 -0.049643 0.166399 -0.014253 0.142601 -0.081429 -0.086748 0.020377 0.107511 -0.043788 -0.157541 0.121212 0.102744 -0.056549 -0.115695 0.076897 0.121453 0.061522 0.088947 -0.016819 -0.156578 0.071290 -0.005753 0.107646 -0.074567 0.219508 -0.072318 0.033607 0.049499 -0.022732 0.075003 
0.098754 -0.110248 0.040773 0.106270 0.034939 0.030840 -0.096567 -0.114758 0.075807 0.055299 -0.091364 -0.147056 0.060867 0.097382 -0.014362 -0.071251 -0.111840 -0.058297 -0.076085 0.089871 0.139456 -0.124890 -0.115613 -0.000745 -0.047799 0.052782 0.040833 -0.074237 0.063262 0.117540 -0.202611 -0.014119 -0.101898 0.154374 -0.014223 0.058344 -0.073547 0.039203 0.209532 0.372552 
0.045299 -0.089372 0.018152 0.085874 0.012869 -0.008397 -0.067491 -0.079619 -0.026598 0.046061 -0.103303 -0.087118 0.099826 0.036396 -0.034965 -0.022080 -0.088637 0.005674 -0.092631 0.115607 0.051601 -0.051380 -0.025333 0.046356 -0.036600 0.059643 0.025973 -0.075028 0.047227 0.168182 -0.078555 -0.023507 -0.074613 0.124824 0.089591 0.066209 -0.029288 0.011737 0.040303 0.140349 
-0.004355 -0.070046 -0.005502 0.028784 -0.035475 0.008721 -0.023890 -0.055628 -0.057077 0.019412 -0.050865 -0.029612 0.150889 -0.048744 -0.050816 0.014917 -0.059962 0.055497 -0.062845 0.061024 0.044575 0.039221 -0.002374 0.136966 -0.024671 0.051927 0.004785 -0.044987 0.018922 0.175091 -0.009631 -0.027533 -0.054789 0.057756 0.115887 0.057243 -0.044297 0.020946 -0.077686 -0.036834 
-0.046902 -0.056001 -0.031011 -0.012775 -0.095182 0.007262 0.007338 -0.049999 -0.065235 -0.036908 -0.026191 0.025775 0.158829 -0.114840 -0.061717 0.048405 -0.045673 0.050020 0.010092 0.022682 -0.011730 0.018756 0.043965 0.073839 0.040530 0.090217 0.013793 -0.024961 0.015264 0.080285 0.003561 -0.012862 -0.029151 0.009729 0.033030 0.016913 -0.068336 0.018205 -0.074426 -0.120030 
-0.084790 -0.042186 -0.052043 -0.022447 -0.163079 -0.027289 0.032105 -0.031117 -0.064961 -0.018469 -0.007037 0.068837 0.116645 -0.135741 -0.082168 0.049717 -0.083151 0.015499 0.142337 0.047245 -0.166800 -0.033389 0.024949 0.046561 0.188262 0.083454 -0.077322 0.011577 -0.025881 0.030345 -0.007150 -0.004297 -0.042688 -0.031091 -0.034584 -0.026292 -0.042177 0.019801 -0.049650 -0.098644 
-0.106370 0.037469 -0.062946 -0.029509 -0.165850 -0.010136 0.012275 -0.033856 0.074808 0.048943 0.008463 0.183651 0.243968 0.004994 -0.187699 -0.114952 -0.025594 0.045436 0.093341 0.075584 -0.071915 0.006335 0.007231 0.000345 0.055271 0.039396 -0.044463 -0.050001 -0.000714 -0.072389 -0.096658 0.009920 -0.120535 -0.007543 -0.037502 0.069970 0.022976 0.022601 0.023938 0.035645 
-0.081724 0.078092 -0.032290 -0.016804 -0.094832 -0.034914 -0.035577 -0.016862 0.073346 0.010979 -0.014990 0.222239 0.198433 -0.066920 -0.096353 -0.043178 0.030417 0.008812 0.048645 -0.050928 -0.019883 0.053949 0.007231 -0.038978 -0.129243 0.054488 0.059572 -0.083885 0.020078 -0.167669 -0.067344 0.025497 -0.133978 -0.025010 -0.031808 0.088060 -0.006965 0.009155 0.045461 -0.033077 
-0.032589 0.093398 0.004952 0.034030 -0.033637 -0.055984 -0.045420 -0.034339 0.054171 0.038851 -0.028105 0.148552 0.117513 -0.066028 -0.022635 0.026366 -0.024516 -0.006640 0.044296 -0.123643 0.009697 0.043887 0.012028 0.045120 -0.106067 0.055831 0.058039 -0.059453 0.012493 -0.144512 -0.076678 0.019750 -0.134677 -0.033732 0.016396 0.035031 -0.011247 -0.040522 0.024580 -0.072534 
0.025123 0.111185 0.052444 0.093909 0.036194 -0.076092 -0.055358 -0.054805 0.028375 0.038894 -0.021565 0.070428 -0.045398 0.015668 0.118975 0.159905 -0.049251 -0.037297 -0.016795 -0.100877 -0.026872 -0.017697 0.082380 0.051782 -0.006394 0.126177 0.069018 -0.095163 0.035301 -0.031662 -0.067456 0.011914 -0.137284 -0.024390 0.026721 0.010837 0.010107 -0.062837 0.007693 -0.129582 
0.086333 0.128564 0.090225 0.151737 0.118572 -0.058304 -0.085584 -0.086039 0.086415 0.023033 -0.022704 -0.037379 -0.176618 0.076942 0.277518 0.324054 -0.126044 -0.081407 -0.087953 -0.072858 -0.068210 0.008888 0.105170 0.088247 0.049451 0.145058 0.069259 -0.076277 0.058762 0.122966 -0.102213 0.007833 -0.154286 -0.036288 -0.047881 -0.011229 0.067211 0.061881 -0.007424 -0.050293 
-0.061527 0.002614 -0.073847 0.003695 -0.071448 -0.007242 0.013927 -0.001662 -0.095016 -0.008567 -0.030414 0.022423 0.055639 0.034584 -0.025729 -0.038614 -0.005644 -0.050138 0.050295 0.025957 0.026750 0.044162 -0.069154 0.080945 0.042945 0.044507 -0.054620 -0.010596 -0.062035 -0.061585 0.095413 -0.014445 0.214354 0.069373 -0.015705 -0.008961 -0.087456 0.081902 -0.031260 -0.095895 
-0.083250 -0.013393 -0.104809 -0.054453 -0.053244 -0.040933 0.035166 0.002199 -0.091085 -0.034140 -0.040413 0.018234 0.028455 0.074370 0.000904 0.020075 0.041574 -0.040934 0.048255 0.008423 0.054041 0.035288 -0.030973 0.029191 0.010151 0.028321 -0.021206 -0.010163 -0.030555 -0.035531 0.108883 -0.002180 0.105936 -0.000208 -0.029563 0.002722 -0.058141 0.108616 -0.025562 -0.011313 
-0.112551 -0.029573 -0.131941 -0.107602 -0.048820 -0.072432 0.059217 0.003679 -0.085548 -0.053121 -0.056971 0.008404 0.005252 0.134612 0.035656 0.062810 0.068071 -0.054872 0.043535 0.017098 0.044866 0.027604 0.034269 -0.017166 -0.006413 0.009466 0.005328 -0.005353 0.003310 0.023457 0.107355 0.005065 0.023148 -0.050955 -0.050044 0.020690 -0.016543 0.138734 -0.034361 0.078171 
-0.138187 -0.042902 -0.155003 -0.160967 -0.036618 -0.087633 0.078346 -0.004180 -0.086065 -0.078437 -0.074857 -0.013767 -0.009637 0.192797 0.069954 0.110348 0.096533 -0.062729 0.055745 0.026050 0.035179 0.036386 0.091775 -0.071336 -0.069533 -0.008383 0.043831 -0.004064 0.038845 0.053220 0.110729 0.015669 -0.048803 -0.092976 -0.095899 0.038406 0.020588 0.180622 -0.032797 0.163379 
-0.071604 -0.025444 -0.079711 -0.044114 -0.055963 0.003372 0.020467 0.039205 -0.034700 0.021084 -0.079854 0.028528 -0.024971 0.188276 0.060497 0.034928 0.045165 0.024616 0.001484 -0.094300 -0.025540 0.022820 0.004600 -0.052144 -0.003964 -0.052029 0.000065 -0.025929 0.017572 0.215734 0.026454 -0.011347 0.088600 -0.059884 0.017314 0.067969 0.077528 0.040509 0.000607 0.053797 
-0.072176 -0.021045 -0.121339 -0.072110 -0.036824 -0.070620 0.012777 0.039945 -0.043246 0.012225 -0.078013 -0.030864 -0.033661 0.118184 0.040765 0.047366 0.052506 0.038831 0.011474 -0.057325 -0.036183 -0.040491 -0.010414 -0.043894 0.003385 -0.066446 -0.022724 0.023788 0.005720 0.133293 -0.005567 -0.003114 -0.016761 -0.073246 0.011567 0.066866 0.086542 0.053897 -0.033263 0.069901 
-0.083819 -0.027720 -0.148306 -0.094008 -0.023045 -0.103229 0.009773 0.023837 -0.042312 0.000774 -0.043022 -0.071806 -0.041745 0.065076 0.035840 0.015293 0.064919 0.010696 0.052195 -0.057340 -0.040239 -0.084566 -0.031862 -0.026404 0.007276 -0.061681 -0.038991 0.082870 -0.014820 -0.024430 -0.048102 0.010219 -0.080161 -0.085009 -0.025998 0.006208 0.074356 0.046891 -0.019149 0.099438 
-0.077683 -0.032889 -0.116723 -0.069265 -0.038923 -0.071013 0.000777 0.000044 -0.060570 -0.010086 -0.032819 -0.094076 -0.041196 0.048787 0.018901 0.067399 0.044601 0.002597 0.087002 -0.021284 -0.001781 -0.148489 -0.006797 -0.076831 0.007806 -0.012726 -0.001673 0.069662 -0.002200 -0.097860 -0.023990 0.009678 -0.029794 -0.059948 0.032505 -0.073260 0.053901 0.021032 -0.007420 0.046617 
-0.073305 -0.025483 -0.086923 -0.033966 -0.056606 -0.033416 -0.010757 -0.006209 -0.083724 -0.019720 -0.023581 -0.103891 -0.071395 0.027748 0.038545 0.096154 0.018499 0.004425 0.121240 -0.014885 0.060826 -0.150571 0.006806 -0.117132 0.069271 0.046895 0.021474 0.040907 0.006228 -0.100798 0.020142 0.005295 0.036681 -0.055751 0.092735 -0.151704 0.040079 -0.001359 0.002991 0.013431 
0.043766 -0.132153 -0.018721 0.084661 0.045464 -0.033947 -0.075618 0.041858 -0.041435 -0.044632 0.122695 -0.050149 -0.118292 -0.036896 -0.026052 -0.012369 0.011283 0.031679 0.022211 -0.004306 0.025311 -0.000047 -0.025498 0.010617 -0.025237 0.037513 -0.201860 0.029763 0.137715 0.085879 0.103891 0.109291 0.067116 0.024298 0.057875 0.049799 -0.026638 -0.178052 -0.117794 0.016476 
0.016500 -0.109446 -0.003669 0.067870 0.018665 -0.005155 -0.070007 0.024644 0.005661 -0.050124 0.092100 -0.099239 -0.100987 -0.062546 -0.016316 0.009169 0.010010 0.061540 0.049764 0.025821 -0.017096 0.031648 0.005284 -0.003314 -0.004824 0.005296 0.111021 -0.035293 -0.013051 0.034288 0.103126 -0.086208 0.077026 0.008754 -0.022023 0.035089 -0.042488 -0.191068 -0.140613 -0.019266 
0.004870 -0.089498 0.006773 0.047893 -0.002299 -0.003840 -0.063205 0.018139 0.019547 -0.052406 0.072918 -0.108880 -0.098465 -0.062283 -0.030686 0.016935 0.007309 0.070791 0.029455 -0.003401 -0.027686 0.014680 0.014987 -0.041363 0.051926 0.010375 0.191789 -0.054842 -0.088452 0.001510 0.066522 -0.101917 0.070090 -0.045083 -0.055348 0.022289 -0.057599 -0.205981 -0.123387 0.009456 
0.002269 -0.069337 -0.004383 0.023927 -0.019832 0.003236 -0.065234 0.032829 0.054082 -0.018112 0.065250 -0.131396 -0.114582 -0.086376 0.013010 0.002955 -0.003632 0.005263 0.017652 -0.055788 0.026771 -0.015107 -0.031763 -0.029668 0.036851 0.058504 -0.202669 0.035438 0.327235 -0.065839 0.055369 0.074105 0.123089 -0.002991 0.011475 0.002251 -0.028035 -0.081522 -0.059654 0.011695 
0.004844 -0.088766 -0.012781 0.053429 -0.011768 -0.017998 -0.059934 0.042935 0.028320 -0.027991 0.067933 -0.135514 -0.099390 -0.061993 -0.024397 -0.011984 -0.007063 0.016660 0.044927 0.015726 0.011629 0.018949 -0.001738 -0.040270 0.090041 -0.003530 0.079893 0.024659 -0.246834 0.033492 0.030105 -0.002024 0.082488 -0.023428 0.054630 -0.002314 0.131114 0.008473 0.287772 -0.146015 
0.013561 -0.107549 -0.026425 0.065484 0.009489 -0.026558 -0.072250 0.049834 0.021817 -0.039194 0.086440 -0.118687 -0.102587 -0.056301 -0.013041 -0.010848 -0.003291 0.024971 0.069821 0.038109 0.006361 0.022670 -0.015154 -0.013616 0.030332 -0.011733 -0.013732 0.040743 -0.139685 0.084215 0.061558 -0.008280 0.082255 0.024256 0.084786 -0.002940 0.132837 0.028247 0.238793 -0.181968 
-0.008372 0.065019 -0.034480 0.010356 -0.061807 -0.019466 -0.066216 0.031896 0.067409 -0.000386 0.039595 0.030005 -0.044645 0.046199 0.019074 -0.087787 0.008271 0.009220 -0.018316 -0.047527 0.032461 -0.008243 0.001908 0.073854 -0.052422 0.032834 -0.190014 -0.006507 0.269230 -0.070397 0.043044 -0.001559 0.207967 0.045172 0.053770 -0.116925 -0.001211 -0.020421 -0.011812 0.073375 
-0.000550 0.075746 -0.010175 0.039167 -0.023285 -0.016982 -0.091231 0.063264 0.059108 -0.011572 0.034666 0.036379 -0.062588 0.054574 0.005602 -0.062121 -0.012552 0.001224 -0.043273 0.010828 -0.034912 0.019653 0.002062 0.065037 -0.023896 -0.027474 0.154661 -0.039426 -0.116997 -0.022379 0.028521 0.101694 0.164016 0.031515 -0.070345 0.005862 -0.061175 -0.099260 -0.130922 0.063481 
0.011212 0.086539 -0.016344 0.041945 -0.001007 -0.039009 -0.103329 0.079414 0.063611 -0.025763 0.048092 0.040033 -0.084751 0.042315 0.001801 -0.041619 0.000129 -0.010385 -0.041361 0.042129 -0.066434 -0.000211 -0.036804 0.024052 -0.038775 -0.011102 0.092784 -0.015327 -0.081808 -0.076850 0.004743 0.087415 0.106639 0.024881 -0.130672 0.051001 -0.082433 -0.097482 -0.155163 0.036590 
0.029824 0.100254 -0.038289 0.053809 0.039030 -0.060652 -0.105570 0.092347 0.058218 -0.021790 0.059518 0.039639 -0.107042 0.024523 0.011932 -0.047441 0.014641 -0.035236 -0.057758 0.013540 -0.059752 0.013702 -0.099323 -0.016739 -0.081061 0.025854 -0.230392 0.072322 0.216318 -0.149696 -0.009804 -0.026163 0.053871 0.005316 -0.130745 0.042580 -0.038927 -0.063061 -0.049393 0.035581 
0.007495 0.088216 -0.041078 0.031539 -0.009164 -0.040846 -0.089984 0.073203 0.077885 -0.014512 0.043098 -0.001521 -0.086368 0.043001 -0.000599 -0.069690 -0.005027 -0.025530 -0.043487 0.030047 -0.051856 -0.010218 -0.020824 -0.005903 -0.035512 -0.011823 0.015145 0.038449 -0.181978 -0.085639 -0.031610 -0.080760 0.088665 0.023672 -0.071617 -0.021188 0.083479 0.077349 0.201975 -0.075490 
-0.001515 0.077785 -0.036539 0.027965 -0.035215 -0.024439 -0.085872 0.058335 0.080121 0.000101 0.033404 -0.006471 -0.057312 0.053799 -0.007509 -0.078337 -0.005399 -0.006925 -0.035526 0.006079 -0.007825 0.001993 0.031350 0.047135 -0.028460 -0.036166 0.089061 0.005908 -0.251562 -0.030525 -0.005739 -0.085673 0.132467 0.029270 0.017743 -0.067530 0.140538 0.080795 0.249597 -0.043918 
-0.053382 -0.049726 0.202619 -0.040946 0.016243 0.098536 -0.079408 0.012630 -0.069073 0.013231 -0.017750 0.063109 -0.096529 -0.107818 -0.035004 0.109003 0.179533 0.050352 0.047791 -0.001926 0.016029 -0.093758 0.067947 0.029753 -0.034294 0.015157 0.007367 -0.044574 -0.002372 -0.018186 0.083565 0.001227 -0.027866 0.000995 0.063311 0.037299 -0.069743 0.030372 0.055683 -0.006579 
-0.084331 -0.038022 0.077821 -0.059003 0.076123 0.124048 -0.036538 -0.056091 -0.012219 0.019637 -0.032446 0.049715 -0.015024 -0.023094 -0.023857 -0.000782 0.116522 0.011740 -0.070375 0.050857 0.028728 -0.017441 0.052012 0.059290 -0.099185 0.029717 0.036749 0.043575 0.017000 0.019218 -0.008955 0.010109 -0.041104 -0.068893 0.025371 -0.044425 0.003706 -0.076599 0.022398 -0.017236 
-0.092690 -0.031400 -0.029495 -0.066101 0.056563 0.140289 0.017663 -0.055511 0.042256 -0.001689 -0.048075 0.006131 -0.045030 0.010511 -0.008280 -0.032691 0.031175 0.012578 -0.071714 -0.019389 0.025901 0.091751 -0.061627 -0.036559 -0.075353 0.007015 0.036826 0.090334 0.027562 0.058351 -0.129472 0.025279 -0.080513 -0.135510 -0.100569 -0.029147 0.023536 -0.114209 0.028836 -0.026026 
-0.086061 -0.007094 -0.045023 -0.060843 0.055357 0.132233 0.008950 -0.042113 0.049930 -0.002786 -0.052063 0.001262 -0.066787 -0.017560 -0.020043 -0.047226 0.006464 0.021481 -0.066459 0.043876 0.034869 0.041219 -0.059523 -0.016867 -0.053529 0.018049 0.021733 0.109112 0.023602 0.064350 -0.138493 0.018856 -0.088837 -0.128283 -0.055338 -0.048933 0.005279 -0.097034 0.018283 -0.014476 
-0.089407 0.023732 -0.038943 -0.068028 0.042378 0.140227 0.010576 -0.036855 0.040612 0.006291 -0.017721 -0.000007 -0.064202 0.009229 -0.059002 -0.062672 -0.041676 0.017285 -0.101194 0.061856 0.046499 0.067858 -0.069043 -0.022630 -0.010972 0.018167 0.018386 0.135433 0.025562 0.083070 -0.156467 0.012038 -0.064894 -0.116427 -0.036827 -0.056081 -0.018384 -0.103516 0.004652 -0.049057 
-0.078583 0.034571 0.031284 -0.073687 0.040499 0.136714 -0.043855 -0.008783 0.032183 0.016868 -0.029281 0.043537 -0.034179 -0.069795 -0.055014 0.000415 0.002249 -0.066160 -0.034360 0.074417 0.005387 0.123823 -0.024284 -0.067910 0.081639 0.018437 -0.003153 0.160985 0.005511 0.045295 -0.138960 0.002219 -0.013149 -0.030295 -0.024991 -0.078753 -0.008367 -0.047210 -0.015822 -0.011107 
-0.033400 0.059219 0.160304 -0.065220 0.028080 0.104240 -0.099802 0.045380 -0.039848 0.065127 -0.102595 0.107653 -0.082194 -0.190221 -0.052545 0.074823 0.011144 -0.121943 0.067165 0.124756 -0.039603 -0.005109 0.057199 -0.136894 0.058308 0.019291 0.016105 0.077201 0.000290 -0.006629 -0.008672 -0.015007 0.064723 0.162551 0.006201 -0.008639 -0.008627 0.116565 -0.017691 0.037107 
-0.092680 0.031360 0.103593 -0.059304 0.068440 0.010269 0.008915 0.034800 0.057975 0.068299 0.014118 0.008193 0.040729 -0.040384 -0.027851 -0.018899 -0.127867 -0.072967 0.070518 0.038519 -0.025416 0.032851 -0.005889 -0.057526 0.095059 -0.063796 -0.037968 -0.001097 -0.017689 -0.011947 0.036065 -0.020100 0.012953 0.131947 0.027009 -0.016614 0.035006 0.072732 -0.046609 0.026375 
-0.111721 0.016300 0.021872 -0.017442 0.098825 -0.032650 0.103048 -0.004238 0.113149 0.044726 0.085932 -0.074496 0.053854 0.008786 0.026390 -0.045201 -0.182353 0.006478 -0.031703 -0.022864 -0.013349 0.004021 0.009950 0.003179 0.064272 -0.066187 -0.018768 -0.073645 -0.009162 -0.040443 0.095766 -0.015172 -0.028005 0.100279 0.083801 -0.035390 -0.010827 0.045190 -0.050645 -0.032890 
-0.106293 -0.022438 0.016936 -0.009153 0.113989 -0.059480 0.116034 -0.012642 0.125816 0.015980 0.081434 -0.057260 0.037979 0.019589 0.065917 -0.022825 -0.103943 0.015511 -0.053261 -0.023519 -0.001081 -0.003154 -0.004764 0.057366 0.046850 -0.069373 -0.040048 -0.104927 -0.025465 -0.049236 0.114056 -0.012424 -0.064825 0.080760 0.063852 -0.010342 -0.063704 0.049670 -0.042321 -0.020283 
-0.105846 -0.044192 0.028351 -0.010971 0.109839 -0.041667 0.113996 -0.035640 0.118299 0.019369 0.072622 -0.043148 0.048912 0.037821 0.075681 -0.002336 -0.042502 0.013842 -0.037719 -0.085127 -0.018249 0.004397 -0.001762 0.032164 0.024951 -0.073639 -0.031012 -0.139714 -0.024712 -0.093660 0.105859 -0.004051 -0.055358 0.059215 0.024371 -0.011832 -0.068208 0.034876 -0.000105 0.002078 
-0.085798 -0.066340 0.119873 -0.034725 0.098091 0.001938 0.025168 -0.023316 0.059782 0.027775 0.052292 0.022333 0.015326 -0.007160 -0.005906 0.094748 0.066845 -0.011505 -0.029463 -0.079473 -0.029799 -0.040752 0.056511 0.063384 -0.019562 -0.082531 -0.019004 -0.129260 -0.014240 -0.082470 0.112765 0.003543 -0.083892 0.001334 0.004039 0.061603 -0.044741 0.024378 0.025277 0.053960 
-0.063535 -0.034186 0.224097 -0.071885 0.016458 0.072452 -0.070314 0.008452 -0.059782 0.023955 -0.056748 0.054156 -0.069439 -0.108735 -0.024702 0.080023 0.174649 0.024722 0.065013 0.059578 0.033906 -0.084548 -0.000715 0.043127 -0.080794 0.016293 -0.006149 -0.033301 -0.018165 -0.056718 0.063332 0.004258 -0.028921 -0.011645 0.044894 0.060372 -0.057430 0.060711 0.032087 0.014914 
-0.080995 -0.029372 -0.020936 -0.037229 0.055793 0.092033 0.009902 -0.025321 0.020486 -0.004590 -0.020467 -0.009133 -0.005915 0.018745 0.034023 -0.031465 0.044439 0.004361 0.013800 -0.058051 0.056430 -0.044453 -0.000960 0.041938 -0.108613 -0.001029 0.041861 0.114037 0.006060 0.037582 -0.084442 -0.005612 0.045855 -0.015693 0.041334 -0.054024 0.014960 -0.031975 -0.037105 -0.060021 
-0.079566 -0.003629 -0.038445 -0.043082 0.062053 0.088229 0.003020 -0.017745 0.034363 -0.004754 -0.032766 -0.019325 -0.018234 -0.005061 0.014769 -0.048187 -0.002872 0.022872 0.007924 -0.017074 0.068502 -0.061796 0.001748 0.059751 -0.098735 -0.002292 0.035608 0.133567 0.010406 0.070390 -0.093039 -0.010619 0.028778 -0.015856 0.073491 -0.062689 0.038369 -0.028735 -0.058425 -0.036480 
-0.077036 0.036018 -0.029922 -0.041235 0.045187 0.108160 0.001796 -0.013844 0.031548 0.010327 -0.003792 -0.014940 -0.022032 0.005553 -0.006296 -0.065257 -0.052401 0.002676 -0.018271 0.003100 0.063487 -0.041284 -0.003496 0.058794 -0.034165 0.006084 0.024209 0.159948 0.005517 0.089435 -0.121754 -0.020812 0.082199 0.003058 0.096242 -0.084122 -0.010483 -0.009651 -0.070706 -0.062756 
-0.052003 0.043139 0.185843 -0.068728 0.030309 0.083874 -0.070488 0.031272 -0.033207 0.081536 -0.058105 0.100086 -0.076473 -0.159773 -0.059622 0.066329 0.028723 -0.117783 0.047918 0.080207 -0.025956 0.013106 0.104313 -0.085292 0.033005 0.023088 0.034794 0.066321 0.009281 -0.020213 -0.000276 -0.012863 0.033528 0.147404 0.029576 -0.060797 0.009791 0.078471 -0.024700 0.022279 
-0.110786 0.026822 0.039952 -0.026526 0.073416 0.011345 0.088964 0.010762 0.059680 0.028327 0.038491 -0.069111 0.034520 0.017497 0.035858 -0.059230 -0.130560 0.026149 -0.096236 0.069057 -0.047770 0.045632 -0.040172 -0.035966 0.067283 -0.023591 -0.032511 -0.088576 -0.006475 -0.017264 0.112017 0.000010 -0.038685 0.063336 0.002604 -0.019499 -0.062213 -0.062912 0.063804 -0.028722 
-0.109322 -0.015151 0.033951 -0.022305 0.083966 -0.011351 0.100828 0.003915 0.070816 0.012543 0.035456 -0.045839 0.048000 0.013029 0.059677 -0.020739 -0.081918 0.034125 -0.102676 0.036050 -0.054717 0.047892 -0.053124 -0.029803 0.043430 -0.033969 -0.034854 -0.117903 -0.009254 -0.031637 0.117845 0.007656 -0.085368 0.038397 -0.018079 0.007744 -0.053858 -0.077995 0.076237 0.002876 
-0.105018 -0.041290 0.052918 -0.021046 0.081223 0.007153 0.095745 -0.011381 0.063893 0.010411 0.029284 -0.037083 0.063172 0.038511 0.065429 -0.002500 -0.031949 0.017075 -0.102069 -0.008865 -0.069669 0.073388 -0.053990 -0.055034 0.029993 -0.040109 -0.027041 -0.136941 -0.009460 -0.071253 0.110548 0.014470 -0.061265 0.021618 -0.064074 0.023098 -0.072362 -0.084130 0.106998 0.013525 
# The variances of the components (eigenvalues) of identity or combined identity and expression model
1
40
6
825.653911 695.251764 379.949309 282.608425 209.372158 184.276210 112.929629 104.747486 81.754313 76.948819 70.997626 55.694115 49.831240 39.097028 37.608409 32.901692 31.071894 26.573259 24.065792 21.351787 16.963006 15.400988 13.770505 12.405087 10.380942 9.568418 6.233860 5.322387 2.812823 2.519250 1.647141 1.340653 1.086666 0.992569 0.812544 0.718175 0.591089 0.511102 0.480803 0.371234 
