1 0 1 135.506 -76.7839 1180.96 0.115462 0.0957044 -0.1673
2 33.3333 1 144.625 -80.021 1187.22 0.101738 0.09906 -0.16153
3 66.6667 1 151.558 -83.677 1199.34 0.0837907 0.0868091 -0.160001
4 100 1 154.06 -86.5448 1207.21 0.0712815 0.0946443 -0.168267
5 133.333 1 152.686 -88.8075 1212.75 0.0490642 0.121258 -0.178257
6 166.667 1 148.315 -89.892 1217.65 0.0355938 0.138161 -0.195928
7 200 1 141.975 -88.0833 1212.89 0.042186 0.154706 -0.207772
8 233.333 1 135.619 -84.2529 1210.35 0.0635525 0.158007 -0.218082
9 266.667 1 130.772 -78.3273 1204.54 0.0797286 0.160236 -0.20541
10 300 1 129.236 -72.4323 1206.17 0.0837013 0.156547 -0.194709
11 333.333 1 129.059 -69.1816 1213.76 0.0734865 0.155031 -0.17321
12 366.667 1 125.312 -67.4614 1209.26 0.0634672 0.171507 -0.147561
13 400 1 122.535 -68.8957 1219.69 0.0387393 0.19246 -0.0909476
14 433.333 1 116.273 -69.3545 1215.5 0.0480385 0.182514 -0.0745186
15 466.667 1 110.42 -68.6563 1218.95 0.0532677 0.178883 -0.066577
16 500 1 103.716 -67.1694 1213.53 0.0516044 0.175761 -0.0657813
17 533.333 1 97.7628 -65.566 1207.64 0.0612409 0.178518 -0.0672179
18 566.667 1 92.1109 -64.4341 1210.32 0.0666403 0.181715 -0.074086
19 600 1 86.6254 -63.033 1219.33 0.0887032 0.183376 -0.096133
20 633.333 1 82.3342 -59.7743 1215.51 0.105095 0.197716 -0.115913
21 666.667 1 79.1074 -56.6759 1213.51 0.110761 0.209974 -0.131482
22 700 1 77.7737 -54.5783 1216.19 0.116662 0.21714 -0.150019
23 733.333 1 77.7663 -53.1674 1220.42 0.114647 0.227565 -0.163694
24 766.667 1 78.0103 -52.7855 1221.36 0.117658 0.232084 -0.172844
25 800 1 78.8447 -52.0354 1217.96 0.119966 0.235131 -0.179252
26 833.333 1 79.1519 -51.5803 1211.01 0.124979 0.23967 -0.183172
27 866.667 1 80.7389 -51.5194 1211.01 0.129718 0.232708 -0.179659
28 900 1 82.6482 -50.9629 1209.77 0.133667 0.219058 -0.175237
29 933.333 1 83.6965 -49.9369 1208.73 0.139709 0.216828 -0.170431
30 966.667 1 84.8921 -49.0791 1209.14 0.137062 0.218606 -0.166428
31 1000 1 86.4571 -48.1805 1210.33 0.134151 0.214769 -0.164821
32 1033.33 1 88.0397 -47.067 1210.43 0.143088 0.20837 -0.164202
33 1066.67 1 88.9914 -45.6412 1209.34 0.149719 0.21246 -0.1575
34 1100 1 90.2955 -44.5333 1208.33 0.145288 0.211287 -0.144831
35 1133.33 1 92.0112 -44.221 1210.16 0.155267 0.200862 -0.136295
36 1166.67 1 92.9916 -43.6513 1209.2 0.16175 0.195844 -0.127183
37 1200 1 93.7588 -43.5327 1209.42 0.161107 0.185127 -0.116475
38 1233.33 1 93.9564 -43.4195 1206.44 0.163722 0.180961 -0.111397
39 1266.67 1 93.8319 -43.4463 1205.01 0.161315 0.181737 -0.107022
40 1300 1 93.5531 -43.4394 1204.08 0.161074 0.181819 -0.105053
41 1333.33 1 92.9943 -43.5857 1204.07 0.160285 0.187179 -0.105234
42 1366.67 1 92.5373 -43.6677 1202.33 0.162374 0.190484 -0.107256
43 1400 1 92.2666 -43.4873 1202.39 0.162991 0.193804 -0.111809
44 1433.33 1 92.2061 -43.4092 1201.58 0.163045 0.195636 -0.111959
45 1466.67 1 92.6058 -43.2756 1201.38 0.160034 0.198419 -0.108039
46 1500 1 93.3844 -42.9315 1203.88 0.159527 0.200565 -0.109083
47 1533.33 1 94.1139 -42.7579 1202.56 0.160971 0.197942 -0.110447
48 1566.67 1 94.0771 -42.5303 1200.32 0.163555 0.202496 -0.111292
49 1600 1 94.2607 -42.381 1202.95 0.160612 0.206006 -0.109523
50 1633.33 1 94.1758 -41.9097 1199.89 0.164304 0.207345 -0.113285
51 1666.67 1 94.285 -41.1975 1200.66 0.165685 0.208081 -0.112637
52 1700 1 94.432 -40.8905 1201.93 0.161043 0.211622 -0.109767
53 1733.33 1 94.6121 -40.8151 1204.02 0.162496 0.209597 -0.109827
54 1766.67 1 94.8327 -40.6221 1205.73 0.162065 0.208654 -0.108312
55 1800 1 94.3911 -40.363 1202.7 0.161795 0.205915 -0.109463
56 1833.33 1 94.2636 -40.4009 1203.66 0.166185 0.20437 -0.115142
57 1866.67 1 94.029 -40.3803 1202.1 0.168373 0.205236 -0.118286
58 1900 1 93.836 -40.1905 1202.25 0.173846 0.203039 -0.121523
59 1933.33 1 93.8754 -40.2129 1206.92 0.171487 0.201909 -0.120493
60 1966.67 1 93.9082 -40.2028 1208.94 0.171286 0.202896 -0.121174
61 2000 1 93.8856 -40.2503 1208.48 0.169855 0.202008 -0.12159
62 2033.33 1 93.8882 -40.1719 1208.5 0.170846 0.200702 -0.121601
63 2066.67 1 94.0611 -40.2248 1209.36 0.167612 0.200897 -0.121869
64 2100 1 94.0655 -40.3093 1209.62 0.165393 0.200858 -0.120639
65 2133.33 1 94.0593 -40.1871 1207.75 0.169045 0.201372 -0.122926
66 2166.67 1 94.2103 -40.03 1207.74 0.174987 0.198991 -0.124865
67 2200 1 94.4262 -39.9074 1207.41 0.174411 0.196177 -0.125185
68 2233.33 1 94.3283 -40.1433 1204.43 0.172981 0.192387 -0.123341
69 2266.67 1 94.2272 -40.4707 1202.91 0.174789 0.191416 -0.122103
70 2300 1 93.6446 -40.8802 1194.38 0.169888 0.189854 -0.127493
71 2333.33 1 93.51 -41.4143 1192.46 0.159031 0.191819 -0.126228
72 2366.67 1 94.0582 -41.7581 1196.87 0.156879 0.188098 -0.129323
73 2400 1 92.5456 -43.1701 1187.33 0.148647 0.185843 -0.148211
74 2433.33 1 88.1543 -45.1616 1176.57 0.142409 0.206534 -0.192157
75 2466.67 1 83.3021 -46.7933 1161.99 0.140428 0.229094 -0.22461
76 2500 1 79.078 -47.4971 1153.55 0.13225 0.229603 -0.257904
77 2533.33 1 74.4916 -48.01 1148.5 0.126646 0.239555 -0.291606
78 2566.67 1 69.4153 -47.3903 1147.31 0.132607 0.25417 -0.333937
79 2600 1 63.949 -44.864 1149.85 0.149005 0.269986 -0.380854
80 2633.33 1 59.5581 -41.723 1157.92 0.174996 0.282742 -0.41804
81 2666.67 1 53.8409 -39.1927 1159.67 0.19303 0.3096 -0.440937
82 2700 1 48.9835 -38.1333 1170.57 0.205597 0.337551 -0.454954
83 2733.33 1 45.8988 -38.0915 1184.82 0.21174 0.359617 -0.448241
84 2766.67 1 43.9611 -37.1077 1191.68 0.208784 0.375461 -0.437377
85 2800 1 43.1562 -36.0057 1194.89 0.210225 0.381771 -0.425051
86 2833.33 1 43.7555 -35.2854 1201.02 0.203891 0.379622 -0.416557
87 2866.67 1 45.076 -34.8606 1198.47 0.202773 0.369923 -0.418066
88 2900 1 45.6689 -34.4542 1196.4 0.209459 0.368979 -0.421557
89 2933.33 1 46.5101 -34.0185 1193.58 0.217789 0.360731 -0.4246
90 2966.67 1 46.9571 -33.6519 1194.58 0.219884 0.361912 -0.426008
91 3000 1 47.353 -33.269 1194.01 0.217705 0.360515 -0.423186
92 3033.33 1 47.6211 -33.0278 1190.72 0.222209 0.359136 -0.424362
93 3066.67 1 47.9518 -32.7737 1190.42 0.222738 0.356895 -0.418892
94 3100 1 47.7718 -32.8682 1195.08 0.219725 0.359569 -0.415442
95 3133.33 1 47.628 -32.6578 1194.7 0.21925 0.35926 -0.41235
96 3166.67 1 47.0788 -31.9134 1190.5 0.221235 0.357925 -0.412441
97 3200 1 46.4979 -31.4473 1191.92 0.22364 0.356034 -0.411864
98 3233.33 1 45.9761 -31.9999 1197 0.217231 0.359506 -0.405975
99 3266.67 1 44.6802 -32.3062 1197.79 0.211679 0.365293 -0.392763
100 3300 1 43.7531 -31.4008 1193.83 0.221009 0.361686 -0.382439
101 3333.33 1 41.9478 -29.1202 1191.07 0.236787 0.35624 -0.371662
102 3366.67 1 39.3324 -26.2961 1188.32 0.2483 0.3699 -0.363453
103 3400 1 37.3669 -23.8009 1191.09 0.25583 0.36276 -0.36623
104 3433.33 1 34.9489 -21.2795 1195.36 0.25236 0.362884 -0.357152
105 3466.67 1 33.2506 -18.9834 1196.99 0.260524 0.355448 -0.345737
106 3500 1 31.0393 -15.5971 1193.6 0.265348 0.35536 -0.336179
107 3533.33 1 28.5433 -11.2231 1187.22 0.278811 0.356711 -0.317699
108 3566.67 1 26.5728 -6.78074 1192.26 0.28226 0.361169 -0.295014
109 3600 1 24.9689 -3.24903 1189.1 0.290123 0.365925 -0.282847
110 3633.33 1 23.7758 -1.46466 1186.09 0.302077 0.363967 -0.281722
111 3666.67 1 23.524 0.76549 1182.49 0.306047 0.363385 -0.29068
112 3700 1 24.5052 2.6799 1175.33 0.322023 0.354345 -0.301995
113 3733.33 1 25.3257 4.63474 1178.97 0.332791 0.364522 -0.302201
114 3766.67 1 25.8279 6.54346 1176.14 0.351967 0.366506 -0.292079
115 3800 1 26.6133 8.43652 1175.15 0.370042 0.361153 -0.283935
116 3833.33 1 27.5192 10.1992 1180.42 0.380125 0.353293 -0.274234
117 3866.67 1 27.8889 11.1329 1185.02 0.371953 0.353307 -0.263733
118 3900 1 28.7349 11.3744 1185.05 0.361549 0.351167 -0.257856
119 3933.33 1 29.0383 10.7858 1187.82 0.352035 0.349218 -0.259159
120 3966.67 1 29.2034 9.85467 1193.89 0.347272 0.348178 -0.256758
121 4000 1 29.9137 8.15212 1198.84 0.33714 0.338066 -0.245939
122 4033.33 1 31.0447 6.74907 1201.13 0.333356 0.334298 -0.239655
123 4066.67 1 33.0075 5.6972 1196.77 0.331094 0.323677 -0.233113
124 4100 1 34.5722 5.15472 1196.28 0.337625 0.324423 -0.233266
125 4133.33 1 36.3154 4.49971 1198.47 0.341405 0.321277 -0.232643
126 4166.67 1 37.9993 3.77269 1198.74 0.338935 0.3235 -0.230063
127 4200 1 39.4671 2.98794 1201.78 0.33715 0.322146 -0.226887
128 4233.33 1 40.4979 2.68106 1200.33 0.339146 0.318028 -0.224442
129 4266.67 1 40.5863 2.86982 1199.56 0.336825 0.318173 -0.224552
130 4300 1 40.6466 3.0733 1202.42 0.339917 0.316182 -0.224013
131 4333.33 1 39.9271 3.47703 1201.64 0.338731 0.312754 -0.224748
132 4366.67 1 39.2796 3.8279 1200.27 0.338985 0.312024 -0.222234
133 4400 1 38.1036 4.35583 1191.72 0.33627 0.321241 -0.224484
134 4433.33 1 36.7537 4.70412 1189.44 0.322711 0.33246 -0.225305
135 4466.67 1 35.29 4.66733 1187.58 0.324089 0.336779 -0.229561
136 4500 1 33.6025 4.59004 1184.73 0.323314 0.342586 -0.233717
137 4533.33 1 32.8802 4.29254 1191.91 0.327513 0.338425 -0.23991
138 4566.67 1 33.0474 3.75574 1196.59 0.335354 0.320403 -0.240612
139 4600 1 33.0128 2.80488 1201.6 0.338467 0.306418 -0.231581
140 4633.33 1 34.0506 2.48475 1198.63 0.346075 0.308108 -0.223647
141 4666.67 1 36.6404 2.2608 1195.79 0.346251 0.298714 -0.219948
142 4700 1 41.8275 1.31845 1198.65 0.349301 0.275111 -0.214601
143 4733.33 1 47.6455 -0.275892 1195.74 0.341323 0.24437 -0.213023
144 4766.67 1 54.3071 -2.61401 1197.66 0.322611 0.206635 -0.223061
145 4800 1 58.1847 -4.50763 1186.63 0.322151 0.20086 -0.232163
146 4833.33 1 58.5116 -4.99247 1181.05 0.322332 0.208251 -0.232478
147 4866.67 1 55.3843 -4.37929 1183.3 0.325605 0.241835 -0.237626
148 4900 1 50.884 -3.95974 1198.37 0.322911 0.27275 -0.225656
149 4933.33 1 45.6144 -2.89763 1196.47 0.335902 0.304486 -0.230957
150 4966.67 1 40.9349 -2.04951 1186.86 0.350932 0.329664 -0.242679
151 5000 1 37.8162 -0.984416 1181.92 0.363339 0.340395 -0.253095
152 5033.33 1 35.3045 0.164143 1173.84 0.368577 0.3401 -0.267931
153 5066.67 1 33.6309 1.52103 1167.94 0.366679 0.341359 -0.283262
154 5100 1 32.0347 2.67742 1156.49 0.378851 0.34544 -0.293419
155 5133.33 1 31.1222 3.04494 1165.3 0.374109 0.34361 -0.291024
156 5166.67 1 30.8651 2.69744 1179.81 0.367539 0.340667 -0.281153
157 5200 1 30.3524 1.16246 1191.48 0.351416 0.342643 -0.263424
158 5233.33 1 30.1045 0.593343 1195.83 0.356611 0.3418 -0.2556
159 5266.67 1 30.5041 0.318024 1195.43 0.36012 0.339791 -0.249674
160 5300 1 31.3626 0.213554 1194.72 0.361506 0.333773 -0.245298
161 5333.33 1 31.8127 0.370562 1194.21 0.35345 0.332815 -0.237333
162 5366.67 1 32.7998 0.641335 1190.9 0.341628 0.328505 -0.217641
163 5400 1 34.1353 1.13786 1193.59 0.337676 0.318504 -0.19989
164 5433.33 1 35.0043 2.95726 1196.33 0.340369 0.308893 -0.187827
165 5466.67 1 35.4386 5.45994 1199.5 0.333655 0.306737 -0.172145
166 5500 1 35.7609 9.15503 1206.21 0.323966 0.30685 -0.148966
167 5533.33 1 36.3043 11.9903 1203.93 0.321268 0.305222 -0.129992
168 5566.67 1 36.9163 13.4921 1206.47 0.314432 0.289149 -0.119644
169 5600 1 37.324 13.6186 1206.07 0.3096 0.276974 -0.113906
170 5633.33 1 37.9488 13.4339 1208.73 0.308125 0.260733 -0.103333
171 5666.67 1 39.0213 12.0777 1205.37 0.300746 0.244224 -0.0962866
172 5700 1 41.5166 10.6114 1200.13 0.299441 0.22659 -0.0916529
173 5733.33 1 45.899 8.82198 1200.08 0.296508 0.215195 -0.089062
174 5766.67 1 51.4817 6.90986 1193.94 0.296188 0.194964 -0.0768559
175 5800 1 59.76 5.42238 1190.05 0.299922 0.169232 -0.0600811
176 5833.33 1 65.7803 3.9663 1180.12 0.282895 0.113028 -0.0502525
177 5866.67 1 72.967 2.76122 1181.28 0.266577 0.0661934 -0.0385434
178 5900 1 77.7656 2.11062 1170.85 0.261164 0.0691002 -0.0405959
179 5933.33 1 80.8428 2.5603 1156.31 0.260572 0.0694941 -0.0444681
180 5966.67 1 82.4246 3.06976 1143.41 0.274037 0.0892922 -0.0516159
181 6000 1 83.6974 3.12956 1145.95 0.280363 0.0974064 -0.0510406
182 6033.33 1 84.8599 3.013 1162.87 0.287965 0.0987665 -0.0497103
183 6066.67 1 84.5803 3.37038 1160.79 0.292813 0.101863 -0.0521003
184 6100 1 82.4639 4.36849 1154.16 0.302976 0.104155 -0.0507465
185 6133.33 1 79.985 5.29124 1145.82 0.301746 0.112818 -0.0547608
186 6166.67 1 77.2611 5.78225 1139.97 0.303187 0.111638 -0.0634514
187 6200 1 74.7919 5.74767 1146.74 0.301577 0.110098 -0.0724079
188 6233.33 1 73.0097 5.43031 1166.57 0.284324 0.117923 -0.0713286
189 6266.67 1 67.7236 3.39394 1200.9 0.266222 0.123645 -0.0838105
190 6300 1 60.1287 -0.0434869 1197.59 0.265625 0.154341 -0.108174
191 6333.33 1 55.0659 -4.18806 1195.59 0.275705 0.203536 -0.110732
192 6366.67 1 50.9986 -8.07862 1193.41 0.278416 0.232527 -0.10291
193 6400 1 49.1262 -11.301 1190.59 0.266287 0.245597 -0.0993332
194 6433.33 1 48.269 -14.0169 1190.67 0.261021 0.247257 -0.0987676
195 6466.67 1 48.2396 -16.2194 1192.3 0.248882 0.247296 -0.0905517
196 6500 1 47.7987 -17.6804 1192.83 0.246344 0.252176 -0.0866389
197 6533.33 1 47.1731 -18.4799 1194.15 0.238693 0.26361 -0.0824287
198 6566.67 1 46.578 -18.5862 1191.61 0.239155 0.272342 -0.0829635
199 6600 1 45.9045 -18.4598 1191.25 0.248558 0.278883 -0.0876282
200 6633.33 1 45.7937 -17.9754 1195.24 0.252929 0.275907 -0.0918407
201 6666.67 1 45.0966 -17.3988 1200 0.257177 0.278961 -0.0959485
202 6700 1 43.7628 -16.959 1200.36 0.259847 0.288932 -0.103529
203 6733.33 1 42.9695 -16.6245 1198.38 0.253863 0.291788 -0.102428
204 6766.67 1 42.2101 -16.7408 1198.59 0.255988 0.292044 -0.106727
205 6800 1 41.3589 -16.8169 1197.95 0.255512 0.301378 -0.104601
206 6833.33 1 41.2548 -17.3312 1201.22 0.246481 0.298557 -0.101637
207 6866.67 1 40.4791 -18.564 1195.82 0.239149 0.304047 -0.0941011
208 6900 1 40.0924 -19.409 1196.97 0.232343 0.307935 -0.0930144
209 6933.33 1 40.1047 -20.3618 1194.99 0.224748 0.312838 -0.0909545
210 6966.67 1 40.2719 -20.8515 1192 0.226456 0.310442 -0.0910007
211 7000 1 40.2295 -20.7862 1192.77 0.22228 0.316633 -0.0873531
212 7033.33 1 40.0198 -20.5054 1191.47 0.226535 0.31866 -0.0896791
213 7066.67 1 39.4149 -20.4536 1195.88 0.230683 0.319954 -0.0893332
214 7100 1 38.6748 -20.4559 1199.48 0.228598 0.313362 -0.0793462
215 7133.33 1 37.954 -20.1194 1196.54 0.233913 0.308101 -0.0807709
216 7166.67 1 37.5132 -20.0768 1192.51 0.232537 0.312608 -0.0756236
217 7200 1 37.6268 -20.5378 1193.54 0.225327 0.313242 -0.0693181
218 7233.33 1 38.2381 -20.6577 1193.09 0.21792 0.320586 -0.0613578
219 7266.67 1 40.0241 -21.1608 1191.08 0.215232 0.312946 -0.0545495
220 7300 1 41.3943 -21.8797 1193.97 0.215917 0.316097 -0.0546867
221 7333.33 1 42.6646 -22.9417 1198.9 0.209898 0.316702 -0.0505478
222 7366.67 1 43.8688 -24.4386 1197.5 0.200254 0.316815 -0.0531004
223 7400 1 44.7551 -25.9251 1194.08 0.192284 0.312483 -0.0479806
224 7433.33 1 44.4507 -27.5244 1186.6 0.18446 0.319578 -0.0477403
225 7466.67 1 44.1435 -28.6299 1185.91 0.178197 0.319759 -0.0442984
226 7500 1 43.7472 -29.4191 1190.83 0.1695 0.320977 -0.0401041
227 7533.33 1 43.4933 -30.0543 1188.06 0.163824 0.32341 -0.0315306
228 7566.67 1 43.2211 -30.6791 1191.08 0.160958 0.323256 -0.0305573
229 7600 1 42.3598 -31.0696 1190.29 0.161214 0.335926 -0.0353419
230 7633.33 1 42.1529 -31.2057 1193.12 0.158186 0.338446 -0.0366977
231 7666.67 1 42.1646 -31.3483 1190.11 0.160083 0.340918 -0.0368457
232 7700 1 42.3116 -31.7402 1191.76 0.154183 0.337723 -0.0378333
233 7733.33 1 42.7774 -31.928 1194.07 0.151711 0.336319 -0.0359952
234 7766.67 1 42.8156 -31.7288 1191.27 0.152416 0.34208 -0.0339741
235 7800 1 42.9614 -31.5326 1192.91 0.154967 0.345509 -0.0346049
236 7833.33 1 43.414 -31.5209 1194.67 0.152741 0.33773 -0.0346667
237 7866.67 1 43.4957 -31.4759 1194.86 0.15327 0.336356 -0.0343087
238 7900 1 43.7319 -31.3117 1194.18 0.145279 0.340171 -0.0284611
239 7933.33 1 44.0108 -31.3099 1194.62 0.141665 0.345926 -0.0215224
240 7966.67 1 44.4219 -31.4186 1191.84 0.13924 0.346517 -0.0141529
241 8000 1 44.6742 -31.3486 1184.07 0.134322 0.352786 -0.00536055
242 8033.33 1 44.8485 -31.0782 1179.47 0.139257 0.354569 -0.00556386
243 8066.67 1 44.5138 -31.0676 1183.05 0.139489 0.356757 0.0030379
244 8100 1 44.2697 -30.8957 1188.91 0.136357 0.359145 0.0109398
245 8133.33 1 44.5848 -30.4122 1200.06 0.133531 0.354675 0.0180792
246 8166.67 1 45.7261 -29.6879 1203.31 0.13112 0.350438 0.0289889
247 8200 1 47.6252 -29.2362 1211.4 0.129687 0.3322 0.0336072
248 8233.33 1 49.6702 -28.7097 1212.18 0.133836 0.320205 0.0418205
249 8266.67 1 51.8475 -28.0464 1215.86 0.140641 0.29801 0.0478564
250 8300 1 53.5042 -27.4386 1215.7 0.160522 0.278651 0.0559584
251 8333.33 1 53.6734 -27.3216 1211.86 0.169461 0.268743 0.0563834
252 8366.67 1 53.3058 -26.4967 1204.71 0.179409 0.267653 0.0509864
253 8400 1 51.7484 -25.4419 1193.74 0.178982 0.278769 0.0438717
254 8433.33 1 49.0683 -24.7966 1184.86 0.173424 0.29012 0.0546585
255 8466.67 1 47.3698 -24.4887 1184.92 0.169416 0.281897 0.0778547
256 8500 1 46.7122 -24.0944 1186.8 0.166115 0.276171 0.109211
257 8533.33 1 47.1734 -23.1569 1182.15 0.17714 0.267758 0.130678
258 8566.67 1 47.634 -22.1074 1177.86 0.177394 0.265944 0.136575
259 8600 1 47.1509 -22.0438 1178.68 0.178352 0.271578 0.138933
260 8633.33 1 45.8505 -21.9473 1177.42 0.172804 0.286723 0.13402
261 8666.67 1 44.4776 -21.701 1180.11 0.171539 0.299164 0.131873
262 8700 1 43.9684 -21.2951 1182.7 0.173164 0.305424 0.117969
263 8733.33 1 44.1199 -21.7971 1187.89 0.177954 0.314139 0.109041
264 8766.67 1 44.1856 -21.7792 1187.67 0.176859 0.316938 0.109596
265 8800 1 44.5814 -21.7613 1187.68 0.172438 0.32041 0.106416
266 8833.33 1 44.473 -21.6121 1182.56 0.161169 0.330441 0.103073
267 8866.67 1 44.3032 -21.0533 1178.77 0.15198 0.345349 0.104126
268 8900 1 44.5465 -20.2529 1182.2 0.153879 0.34753 0.102682
269 8933.33 1 44.6416 -19.4115 1186.51 0.156823 0.350497 0.104186
270 8966.67 1 45.2716 -18.4497 1187.81 0.175551 0.335441 0.0953725
271 9000 1 45.5642 -17.8272 1187.89 0.188628 0.331782 0.0949944
272 9033.33 1 45.757 -17.6173 1196.29 0.191776 0.328654 0.0949318
273 9066.67 1 45.8599 -17.2031 1194.65 0.19899 0.330686 0.091844
274 9100 1 45.8316 -17.1533 1195.62 0.198321 0.333615 0.0851851
275 9133.33 1 45.5433 -16.798 1192.9 0.19585 0.330435 0.0819666
276 9166.67 1 45.3518 -16.8571 1190.35 0.194612 0.331508 0.0785807
277 9200 1 45.2729 -17.3345 1187.59 0.194685 0.331889 0.075944
278 9233.33 1 44.7153 -18.4361 1186.99 0.183772 0.339009 0.0770049
279 9266.67 1 45.1177 -18.9415 1192.03 0.180524 0.3351 0.0771083
280 9300 1 45.4479 -19.5821 1196.38 0.174745 0.329804 0.0817455
281 9333.33 1 45.8425 -20.224 1195.68 0.179604 0.325231 0.0829622
282 9366.67 1 46.3723 -20.8061 1195.71 0.180048 0.321171 0.0838769
283 9400 1 46.8984 -21.4718 1195.77 0.176625 0.315007 0.0824476
284 9433.33 1 47.1256 -22.3079 1194.78 0.174889 0.315859 0.0834041
285 9466.67 1 47.176 -23.1922 1195.68 0.168408 0.321913 0.081864
286 9500 1 47.7353 -23.8107 1194.66 0.164437 0.317351 0.0750701
287 9533.33 1 48.2978 -24.4806 1194.06 0.168489 0.316779 0.073066
288 9566.67 1 49.1617 -24.4413 1194.73 0.161545 0.311664 0.073943
289 9600 1 50.8621 -24.2949 1190.3 0.164215 0.301761 0.0789619
290 9633.33 1 52.9861 -24.3658 1190.43 0.169803 0.293164 0.082683
291 9666.67 1 55.8377 -24.3391 1197.42 0.169017 0.276156 0.0896499
292 9700 1 57.8723 -24.3799 1196.62 0.175226 0.265072 0.091718
293 9733.33 1 60.375 -24.4434 1200.56 0.172416 0.248937 0.0977147
294 9766.67 1 62.9548 -24.3391 1196.97 0.183963 0.23266 0.0968044
295 9800 1 65.286 -24.2305 1197.02 0.191176 0.218684 0.0972246
296 9833.33 1 67.6938 -24.3298 1196.46 0.189808 0.200145 0.100378
297 9866.67 1 69.5622 -25.1873 1198.53 0.18454 0.186842 0.103376
298 9900 1 71.7549 -25.9664 1207.55 0.176276 0.173594 0.107176
299 9933.33 1 72.9523 -26.0417 1204.89 0.181132 0.160644 0.108517
300 9966.67 1 71.9869 -26.5871 1204.48 0.201157 0.127749 0.0819964
301 10000 1 72.808 -26.7534 1208.3 0.204246 0.118273 0.0747647
302 10033.3 1 72.5848 -26.4714 1204.11 0.198713 0.122786 0.0729038
303 10066.7 1 72.1284 -25.7576 1195.48 0.202334 0.129706 0.0678852
304 10100 1 71.7098 -25.446 1190.23 0.198325 0.131456 0.068731
305 10133.3 1 72.005 -25.52 1189.83 0.200805 0.127127 0.0705603
306 10166.7 1 72.4489 -25.738 1193.48 0.201221 0.129019 0.0704898
307 10200 1 73.0761 -25.7252 1194.9 0.201291 0.123784 0.0697467
308 10233.3 1 73.3628 -25.544 1190.64 0.197471 0.124226 0.0718576
309 10266.7 1 74.4594 -25.3719 1190.45 0.201191 0.12825 0.0724308
310 10300 1 75.7239 -25.0773 1193.77 0.208776 0.120098 0.0673452
311 10333.3 1 77.2373 -24.493 1193.15 0.213072 0.114564 0.0675373
312 10366.7 1 78.2695 -23.9261 1191.87 0.212665 0.115677 0.0685533
313 10400 1 79.0595 -23.3835 1190.65 0.21572 0.108622 0.0689818
314 10433.3 1 79.2963 -22.3412 1180.57 0.221848 0.11033 0.0665289
315 10466.7 1 79.715 -21.9823 1175.75 0.222372 0.107943 0.0628447
316 10500 1 80.0011 -22.8187 1176.64 0.215202 0.106255 0.0606709
317 10533.3 1 79.6971 -24.5284 1177.31 0.200402 0.110166 0.0637535
318 10566.7 1 79.197 -26.1934 1183.25 0.191631 0.117408 0.0620634
319 10600 1 78.1589 -27.6147 1186.6 0.19206 0.122392 0.0607897
320 10633.3 1 77.475 -28.3812 1192.05 0.188698 0.129375 0.0558479
321 10666.7 1 76.6561 -28.3359 1192.64 0.192237 0.129718 0.0543232
322 10700 1 76.1444 -27.1823 1194.79 0.203815 0.127048 0.0532821
323 10733.3 1 75.7164 -25.4729 1192.51 0.213684 0.128731 0.0470516
324 10766.7 1 75.8536 -23.8774 1198.89 0.214433 0.122495 0.0412903
