1 0 1 44.6288 -52.0094 848.74 0.0229357 0.13646 0.0645488
2 33.3333 1 43.4661 -50.6473 852.711 0.0209664 0.139278 0.0697561
3 66.6667 1 43.2405 -50.5242 851.849 0.0137341 0.139451 0.0739442
4 100 1 42.1502 -48.4874 855.028 0.0244017 0.141119 0.0715508
5 133.333 1 40.2811 -44.7303 850.24 0.0312149 0.145941 0.0492561
6 166.667 1 39.9188 -43.5095 838.924 0.00608551 0.147111 0.0338085
7 200 1 40.0191 -43.1788 837.152 -0.00454304 0.146684 0.0279219
8 233.333 1 39.9635 -44.1565 825.516 -0.0263172 0.143709 0.0149789
9 266.667 1 40.4673 -47.0699 817.678 -0.0309202 0.146746 0.0120403
10 300 1 41.4912 -50.5522 827.629 -0.048809 0.14907 0.011806
11 333.333 1 41.6309 -50.8318 827.782 -0.0377871 0.152538 0.0122445
12 366.667 1 41.8491 -51.8989 827.01 -0.0386011 0.143963 0.0119673
13 400 1 41.5114 -51.5403 809.42 -0.032551 0.137013 0.0184413
14 433.333 1 41.7964 -51.6056 803.521 -0.03556 0.129581 0.0216691
15 466.667 1 41.9127 -51.693 804.624 -0.0353304 0.13095 0.0236978
16 500 1 42.5178 -51.8411 805.39 -0.0297876 0.139684 0.0290026
17 533.333 1 45.3837 -54.9626 844.441 -0.0396976 0.146425 0.0422132
18 566.667 1 46.3444 -54.2255 853.58 -0.00677895 0.143213 0.0427401
19 600 1 46.3575 -54.3106 854.278 -0.0027297 0.143715 0.0432255
20 633.333 1 47.3009 -52.2314 852.157 0.0329926 0.137807 0.0355403
21 666.667 1 49.8763 -49.6225 853.464 0.0595465 0.128376 0.021041
22 700 1 50.7433 -49.1244 843.854 0.0678863 0.128844 0.00652301
23 733.333 1 50.9541 -49.0468 842.419 0.0714658 0.127996 -7.92476e-005
24 766.667 1 52.069 -49.6162 836.881 0.069496 0.125665 -0.00119453
25 800 1 54.6138 -55.4281 838.527 0.0211477 0.123764 0.0166205
26 833.333 1 55.7936 -59.0689 839.822 -0.00530894 0.127788 0.0267988
27 866.667 1 55.7795 -59.3096 839.84 0.00621262 0.130601 0.0294069
28 900 1 55.7806 -60.9011 833.143 -0.0246142 0.130865 0.047025
29 933.333 1 55.3239 -61.8257 825.889 -0.085574 0.139222 0.07807
30 966.667 1 54.5002 -61.9833 825.96 -0.118338 0.142873 0.0964319
31 1000 1 54.2797 -62.0912 826.586 -0.133836 0.142076 0.104215
32 1033.33 1 53.7405 -61.1473 828.03 -0.143589 0.146444 0.108729
33 1066.67 1 53.1082 -58.0237 827.34 -0.095947 0.138956 0.105653
34 1100 1 52.5076 -56.3614 825.181 -0.0493286 0.130226 0.101493
35 1133.33 1 52.3197 -56.0613 823.571 -0.0342723 0.131164 0.100784
36 1166.67 1 51.4648 -55.1424 826.744 -0.00835563 0.133645 0.100503
37 1200 1 50.7985 -53.5414 837.329 0.0216164 0.139334 0.0896685
38 1233.33 1 50.3186 -52.2313 845.751 0.031006 0.144691 0.0866606
39 1266.67 1 50.241 -52.1314 845.605 0.0263279 0.147831 0.0873616
40 1300 1 50.0907 -50.7331 854.261 0.0346439 0.15763 0.0846832
41 1333.33 1 48.8021 -46.9366 860.985 0.0706837 0.162499 0.0812184
42 1366.67 1 48.4508 -46.0788 865.294 0.0487545 0.193036 0.0984832
43 1400 1 48.3445 -45.9653 866.161 0.0394566 0.193906 0.103579
44 1433.33 1 46.6873 -42.0277 847.136 0.0809531 0.19385 0.0935374
45 1466.67 1 45.9475 -36.9963 835.771 0.105754 0.184042 0.0719296
46 1500 1 45.7302 -33.742 832.041 0.107853 0.182645 0.0574776
47 1533.33 1 45.7445 -33.2941 829.899 0.0940436 0.181125 0.0558143
48 1566.67 1 45.9994 -30.9155 828.848 0.110562 0.180757 0.0396149
49 1600 1 46.3774 -27.7398 828.756 0.121416 0.178525 0.0145495
50 1633.33 1 46.824 -26.7508 827.237 0.121649 0.176066 -0.00308513
51 1666.67 1 46.9615 -26.5522 825.387 0.118881 0.180909 -0.00753166
52 1700 1 47.1458 -26.4672 826.398 0.125242 0.171111 -0.0178717
53 1733.33 1 46.1102 -26.6102 819.669 0.15482 0.148048 -0.0433167
54 1766.67 1 45.5926 -27.0995 819.944 0.159274 0.11937 -0.0656827
55 1800 1 45.6242 -27.2267 819.328 0.166017 0.11338 -0.0714689
56 1833.33 1 45.3042 -27.8833 821.636 0.163624 0.110873 -0.0804106
57 1866.67 1 44.8693 -29.2556 829.589 0.151639 0.114001 -0.0929925
58 1900 1 44.126 -30.7131 840.909 0.138684 0.121272 -0.0940084
59 1933.33 1 44.072 -30.7324 839.95 0.141494 0.11944 -0.0937839
60 1966.67 1 43.4366 -31.5361 838.722 0.137118 0.11819 -0.0996373
61 2000 1 41.8845 -31.8136 821.266 0.13525 0.106708 -0.111851
62 2033.33 1 41.1939 -32.2258 818.054 0.132492 0.105882 -0.11607
63 2066.67 1 41.1574 -32.2858 817.795 0.134228 0.104157 -0.115064
64 2100 1 40.2151 -32.6782 818.618 0.131002 0.112178 -0.118967
65 2133.33 1 38.3808 -34.3408 821.611 0.111019 0.127287 -0.109751
66 2166.67 1 37.5284 -35.3857 823.661 0.100269 0.131788 -0.102347
67 2200 1 37.2919 -35.4727 823.804 0.0996322 0.131624 -0.100417
68 2233.33 1 37.0639 -36.8843 824.831 0.0883754 0.136715 -0.0991904
69 2266.67 1 36.3046 -39.9706 830.636 0.0582771 0.156198 -0.102921
70 2300 1 35.8626 -41.691 835.282 0.0405427 0.165352 -0.108684
71 2333.33 1 36.633 -42.6104 840.959 0.050446 0.193957 -0.0912957
72 2366.67 1 35.9506 -42.9438 841.736 0.0510293 0.205137 -0.0906016
73 2400 1 34.9418 -41.8442 847.464 0.0611576 0.21578 -0.0980083
74 2433.33 1 34.0536 -39.8171 847.355 0.0660477 0.229186 -0.107028
75 2466.67 1 33.9357 -39.6229 848.239 0.0615001 0.227321 -0.106726
76 2500 1 32.9589 -38.5895 839.607 0.0703905 0.240118 -0.112199
77 2533.33 1 32.6002 -37.8286 827.177 0.0783993 0.239096 -0.115663
78 2566.67 1 32.5921 -38.1086 823.957 0.0793006 0.240708 -0.111582
79 2600 1 32.5652 -38.1344 823.8 0.0813851 0.24009 -0.111685
80 2633.33 1 32.3794 -38.7045 825.535 0.0760531 0.239904 -0.106824
81 2666.67 1 31.9043 -41.267 834.805 0.0468557 0.255313 -0.0932407
82 2700 1 31.0773 -42.3925 836.683 0.0407721 0.277271 -0.0802317
83 2733.33 1 30.9564 -42.4814 836.173 0.0449778 0.2777 -0.0763346
84 2766.67 1 29.3211 -44.2077 838.585 0.0287602 0.30261 -0.0679816
85 2800 1 25.9178 -46.3371 838.713 0.00232809 0.344707 -0.0557993
86 2833.33 1 25.054 -46.8009 848.779 0.00303173 0.349007 -0.0471391
87 2866.67 1 24.7937 -47.1459 854.912 0.00410903 0.34378 -0.0403072
88 2900 1 24.7072 -46.9183 869.75 0.0101229 0.332361 -0.0360102
89 2933.33 1 26.7472 -44.5583 892.671 0.0358902 0.298229 -0.0355103
90 2966.67 1 28.1952 -42.1864 892.676 0.054665 0.283086 -0.0462128
91 3000 1 28.5246 -41.9091 893.215 0.0483265 0.281488 -0.0481444
92 3033.33 1 29.9418 -40.2743 888.565 0.0674248 0.262089 -0.0619607
93 3066.67 1 32.904 -37.5342 874.261 0.095254 0.230588 -0.0909735
94 3100 1 34.0197 -36.2361 865.836 0.107155 0.222605 -0.111098
95 3133.33 1 34.1767 -36.0864 862.373 0.107349 0.224963 -0.117519
96 3166.67 1 34.4932 -35.1912 859.463 0.116325 0.221148 -0.120997
97 3200 1 36.3691 -33.7823 857.745 0.130011 0.202184 -0.116004
98 3233.33 1 38.4468 -31.8456 846.446 0.143446 0.185319 -0.117587
99 3266.67 1 38.6892 -31.6803 844.161 0.139633 0.188641 -0.120499
100 3300 1 39.8196 -29.8028 826.718 0.156659 0.146525 -0.129967
101 3333.33 1 44.0963 -28.996 810.98 0.131579 0.0702795 -0.12008
102 3366.67 1 47.7051 -29.8618 807.682 0.124147 0.036687 -0.130831
103 3400 1 48.0006 -29.9315 807.728 0.126082 0.041625 -0.139082
104 3433.33 1 51.3585 -32.055 821.056 0.0974987 0.0293778 -0.131743
105 3466.67 1 54.1554 -33.8012 837.108 0.101086 0.0152571 -0.133094
106 3500 1 53.9324 -33.0901 836.15 0.12408 0.0152749 -0.131878
107 3533.33 1 53.8038 -33.0623 835.208 0.124608 0.017715 -0.132122
108 3566.67 1 52.9577 -32.4625 829.745 0.136533 0.0147081 -0.13386
109 3600 1 51.5336 -31.2698 819.631 0.140697 0.022023 -0.138197
110 3633.33 1 50.6816 -31.1789 812.071 0.136989 0.0230543 -0.138922
111 3666.67 1 50.7234 -31.1297 811.523 0.137249 0.021624 -0.14035
112 3700 1 50.9961 -31.7696 813.546 0.119435 0.0218658 -0.143301
113 3733.33 1 52.0174 -33.7834 814.92 0.0883924 0.024324 -0.144675
114 3766.67 1 52.3782 -35.3654 818.179 0.0641329 0.0274021 -0.148187
115 3800 1 52.3919 -35.4671 818.762 0.063686 0.0265105 -0.149593
116 3833.33 1 51.9507 -36.3251 820.411 0.0733238 0.0278779 -0.153162
117 3866.67 1 50.2215 -35.8606 826.408 0.107365 0.038504 -0.144015
118 3900 1 48.4904 -35.3899 832.582 0.116201 0.0529322 -0.134576
119 3933.33 1 48.359 -35.537 834.846 0.115219 0.0524349 -0.130059
120 3966.67 1 46.4598 -34.2712 837.888 0.130128 0.0704577 -0.125043
121 4000 1 43.929 -32.2077 844.017 0.147052 0.098668 -0.120318
122 4033.33 1 42.9978 -31.0596 839.884 0.160188 0.10189 -0.111049
123 4066.67 1 42.6459 -30.6689 836.589 0.163612 0.099083 -0.107467
124 4100 1 41.8846 -30.3956 835.103 0.166803 0.10703 -0.107921
125 4133.33 1 40.7682 -29.0932 837.535 0.174609 0.121444 -0.111368
126 4166.67 1 40.1167 -28.1718 836.34 0.178282 0.126925 -0.111083
127 4200 1 39.9527 -28.0269 835.317 0.173554 0.125715 -0.108785
128 4233.33 1 39.5381 -27.4146 837.614 0.176102 0.131825 -0.109095
129 4266.67 1 39.1858 -26.983 840.636 0.177057 0.14652 -0.099048
130 4300 1 38.8573 -26.4588 836.944 0.188398 0.1516 -0.0935808
131 4333.33 1 38.6754 -26.2703 835.11 0.191659 0.150198 -0.0909429
132 4366.67 1 38.5827 -26.3421 840.384 0.189078 0.154753 -0.0835457
133 4400 1 38.3824 -26.9574 844.779 0.17972 0.169593 -0.0720678
134 4433.33 1 39.215 -27.3944 849.928 0.18588 0.196649 -0.0489136
135 4466.67 1 39.0697 -27.3518 849.5 0.184062 0.199137 -0.0437203
136 4500 1 39.688 -27.5188 850.916 0.182444 0.198678 -0.0396731
137 4533.33 1 41.1874 -27.759 853.223 0.176553 0.196768 -0.030675
138 4566.67 1 41.8828 -27.7205 853.108 0.175227 0.192189 -0.0264035
139 4600 1 41.9851 -27.6868 852.818 0.175067 0.192745 -0.0263505
140 4633.33 1 42.7611 -27.7367 853.652 0.176547 0.189469 -0.0241925
141 4666.67 1 44.7839 -29.1139 857.451 0.165951 0.186856 -0.00913007
142 4700 1 46.4347 -29.0136 883.73 0.151606 0.182584 0.000597724
143 4733.33 1 46.481 -28.9769 886.236 0.146483 0.183003 0.00549159
144 4766.67 1 47.8181 -30.4234 891.306 0.132804 0.184913 0.0167364
145 4800 1 48.2304 -32.2014 873.156 0.126904 0.179716 0.03298
146 4833.33 1 49.1417 -32.8236 867.727 0.130384 0.181667 0.0397002
147 4866.67 1 49.2571 -32.9369 867.436 0.133873 0.180574 0.0374283
148 4900 1 49.886 -32.7176 864.658 0.134244 0.177318 0.0386758
149 4933.33 1 51.7827 -32.1919 862.449 0.133551 0.176003 0.0499044
150 4966.67 1 51.9161 -31.4539 862.453 0.135943 0.173297 0.0544316
151 5000 1 51.8048 -31.4049 861.986 0.13416 0.176198 0.0556612
152 5033.33 1 52.5029 -31.3039 862.779 0.135707 0.173716 0.0618586
153 5066.67 1 52.2402 -30.7775 861.795 0.139797 0.173188 0.0702696
154 5100 1 52.3524 -30.7309 863.169 0.140196 0.17297 0.0777097
155 5133.33 1 52.2921 -30.7304 862.397 0.140089 0.172698 0.0770087
156 5166.67 1 51.7299 -30.6666 861.261 0.141504 0.171037 0.07728
157 5200 1 50.9347 -30.8993 861.854 0.141448 0.154118 0.0749855
158 5233.33 1 49.6147 -31.1374 860.843 0.133746 0.14071 0.0722549
159 5266.67 1 49.4509 -31.201 860.595 0.136 0.135771 0.0736221
160 5300 1 49.3243 -32.1857 861.583 0.127165 0.139462 0.0726521
161 5333.33 1 48.7592 -35.3592 861.412 0.102434 0.141651 0.0738849
162 5366.67 1 48.6995 -37.3462 861.619 0.0962572 0.144216 0.0749372
163 5400 1 48.5806 -37.4632 861.375 0.10252 0.142576 0.0747796
164 5433.33 1 48.5447 -38.7378 863.243 0.0924349 0.141045 0.0731697
165 5466.67 1 48.6938 -40.9401 863.885 0.0727179 0.144095 0.0716186
166 5500 1 48.7546 -42.1987 865.406 0.0701072 0.144832 0.069021
167 5533.33 1 48.7633 -42.2352 865.135 0.0713833 0.145315 0.0690162
168 5566.67 1 49.0174 -43.1812 867.529 0.0601411 0.145927 0.0715147
169 5600 1 49.3726 -43.8522 892.001 0.035595 0.152375 0.065945
170 5633.33 1 49.022 -44.2838 895.601 0.0242059 0.161568 0.0600537
171 5666.67 1 48.9205 -44.3044 896.281 0.0217701 0.160704 0.0588307
172 5700 1 48.0514 -44.5983 886.034 0.0291696 0.160887 0.0506265
173 5733.33 1 46.7787 -44.5557 878.758 0.0397434 0.189123 0.0504855
174 5766.67 1 45.6838 -44.6147 877.759 0.0509707 0.204632 0.0436697
175 5800 1 45.6241 -44.7024 877.675 0.0558189 0.203573 0.0446336
176 5833.33 1 43.7679 -44.215 877.511 0.0615907 0.20642 0.0332958
177 5866.67 1 39.6965 -43.0535 874.982 0.0739771 0.220469 0.00819316
178 5900 1 37.6674 -42.5379 875.143 0.0763828 0.226711 -0.00103991
179 5933.33 1 37.4199 -42.7075 877.411 0.0769989 0.224416 -0.00459658
180 5966.67 1 35.8064 -42.0482 877.178 0.08568 0.225268 -0.0181983
181 6000 1 32.3102 -40.5654 875.879 0.0959774 0.237511 -0.0463918
182 6033.33 1 30.6111 -40.079 879.143 0.0997194 0.239709 -0.0581842
183 6066.67 1 30.3491 -40.1977 880.786 0.0980628 0.240072 -0.0562596
184 6100 1 28.893 -39.5766 881.891 0.101666 0.244629 -0.0643134
185 6133.33 1 25.7804 -37.8385 880.107 0.113818 0.256235 -0.0825
186 6166.67 1 24.586 -37.4338 883.869 0.117319 0.25719 -0.0885397
187 6200 1 24.5096 -37.4409 885.466 0.115104 0.258273 -0.08696
188 6233.33 1 22.897 -36.8351 882.358 0.118946 0.269142 -0.0953603
189 6266.67 1 20.2486 -36.1818 874.451 0.115056 0.302571 -0.102148
190 6300 1 19.0966 -35.7988 872.61 0.109306 0.32204 -0.102997
191 6333.33 1 18.9907 -35.693 872.307 0.105629 0.324888 -0.101357
192 6366.67 1 18.046 -34.859 868.144 0.10623 0.341022 -0.101619
193 6400 1 16.0848 -33.8115 869.709 0.109269 0.369236 -0.111971
194 6433.33 1 14.5477 -33.24 874.423 0.0990229 0.384291 -0.117449
195 6466.67 1 14.425 -33.2027 877.164 0.0889977 0.385024 -0.112025
196 6500 1 12.5273 -32.7211 885.948 0.0865905 0.402475 -0.123079
197 6533.33 1 9.05008 -31.1021 895.586 0.0761881 0.441675 -0.137476
198 6566.67 1 6.30201 -30.567 896.782 0.0719973 0.471388 -0.14592
199 6600 1 5.62778 -30.7642 912.497 0.0666597 0.469769 -0.138798
200 6633.33 1 3.0462 -30.2522 893.288 0.0694879 0.504206 -0.147829
201 6666.67 1 -2.73524 -29.5637 877.606 0.108013 0.555218 -0.178508
202 6700 1 -5.09808 -30.2617 878.141 0.129515 0.57792 -0.194891
203 6733.33 1 -5.74694 -30.776 884.008 0.154419 0.587136 -0.203979
204 6766.67 1 -7.93249 -30.8354 887.134 0.189176 0.608858 -0.20812
205 6800 1 -11.2119 -30.8576 893.477 0.217367 0.65631 -0.221641
206 6833.33 1 -13.4532 -31.3059 904.157 0.238189 0.680127 -0.235214
207 6866.67 1 -14.0333 -31.4311 909.911 0.252553 0.68919 -0.245986
208 6900 1 -16.2939 -31.412 911.684 0.26473 0.712204 -0.252218
209 6933.33 1 -18.584 -31.849 913.75 0.308831 0.790967 -0.281333
210 6966.67 1 -21.0266 -32.9775 916.541 0.369976 0.886886 -0.36912
211 7000 1 -20.8442 -32.9688 912.792 0.402216 0.921291 -0.421889
212 7033.33 1 -22.5181 -34.0501 915.37 0.412828 0.93236 -0.438959
213 7066.67 1 -24.9262 -35.0406 921.427 0.41199 0.954045 -0.435933
214 7100 1 -26.2334 -35.5442 921.358 0.411842 0.961149 -0.428548
215 7133.33 1 -26.4774 -35.5508 920.315 0.409202 0.96345 -0.42149
216 7166.67 1 -26.4202 -35.9597 923.32 0.403533 0.967276 -0.416024
217 7200 1 -27.233 -37.0887 928.281 0.38885 0.975578 -0.395961
218 7233.33 1 -27.76 -37.1576 927.027 0.372149 0.988496 -0.376585
219 7266.67 1 -28.1749 -37.2768 928.779 0.371321 0.986291 -0.368025
220 7300 1 -28.3848 -37.5171 933.301 0.366757 0.99189 -0.363237
221 7333.33 1 -27.9276 -36.8595 937.052 0.377402 1.00947 -0.368601
222 7366.67 1 -28.1273 -36.549 934.227 0.361392 1.01101 -0.350015
223 7400 1 -28.3414 -36.4163 933.838 0.348136 1.01118 -0.334891
224 7433.33 1 -28.237 -35.4593 936.509 0.338251 1.01076 -0.319372
225 7466.67 1 -27.8666 -33.7669 941.565 0.334608 1.0075 -0.311669
226 7500 1 -42.5178 -30.5813 851.007 0.203325 0.17131 -0.0608285
227 7533.33 1 -44.0384 -31.073 844.892 0.245003 0.220618 -0.0858333
228 7566.67 1 -42.9543 -31.5154 835.593 0.272083 0.249146 -0.0890513
229 7600 1 -44.5278 -32.6596 835.836 0.34644 0.207035 -0.0678782
230 7633.33 1 -45.705 -33.094 842.996 0.351128 0.133442 -0.0563032
231 7666.67 1 -45.1918 -33.9827 849.655 0.383307 0.148758 -0.0584045
232 7700 1 -43.5476 -34.4416 848.623 0.367164 0.155664 -0.0563378
233 7733.33 1 -42.4586 -36.0535 860.319 0.32101 0.140012 -0.0597073
234 7766.67 1 -42.2351 -37.0572 867.014 0.297092 0.127362 -0.0589663
235 7800 1 -42.2497 -37.5081 877.322 0.279809 0.0679249 -0.0260136
236 7833.33 1 -40.6207 -37.7577 865.346 0.227876 0.0424608 -0.0416271
237 7866.67 1 -38.9702 -40.6028 877.125 0.201655 0.0871355 -0.0500307
238 7900 1 -37.9581 -42.5368 886.179 0.210727 0.151637 -0.0579806
239 7933.33 1 -38.2322 -43.1279 906.443 0.181386 0.187722 -0.0524614
240 7966.67 1 -37.6454 -43.9909 906.89 0.151828 0.186647 -0.0444922
241 8000 1 -35.5211 -44.4704 900.451 0.104674 0.183135 -0.0538378
242 8033.33 1 -33.9331 -43.9423 875.382 0.0973151 0.131715 -0.0425023
243 8066.67 1 -33.685 -43.481 867.673 0.0835794 0.0935855 -0.0284321
244 8100 1 -32.2082 -43.6864 851.247 0.0728335 0.0554322 -0.00421546
245 8133.33 1 -29.3363 -44.4943 828.645 0.0887445 0.0237937 0.0142716
246 8166.67 1 -27.7561 -46.4787 829.831 0.0824734 0.0180596 0.0472728
247 8200 1 -27.2458 -47.4985 844.607 0.0886082 0.0410587 0.0561953
248 8233.33 1 -26.0726 -49.8798 858.796 0.0741541 0.090354 0.0481266
249 8266.67 1 -24.7184 -53.0749 861.711 0.0837155 0.161351 0.0518803
250 8300 1 -24.2844 -57.2866 892.21 0.0664195 0.31026 0.0846934
251 8333.33 1 -23.9535 -60.2728 913.235 -0.043253 0.532012 0.221808
252 8366.67 1 -22.9578 -61.2261 914.471 -0.0901009 0.549745 0.261608
253 8400 1 -19.1773 -63.0915 931.143 -0.196797 0.579688 0.296222
254 8433.33 1 -17.2779 -65.4328 950.098 -0.151098 0.654528 0.277056
255 8466.67 1 -17.0536 -66.0374 950.433 -0.124312 0.655868 0.262851
256 8500 1 -16.2907 -65.4287 961.47 -0.111653 0.64528 0.250139
257 8533.33 1 -14.8787 -62.5953 944.419 -0.101489 0.643541 0.243088
258 8566.67 1 -14.5564 -60.9576 936.543 -0.102706 0.641488 0.24116
259 8600 1 -14.3665 -60.4141 931.741 -0.112319 0.637893 0.245038
260 8633.33 1 -14.8968 -58.7719 921.612 -0.127742 0.633708 0.267842
261 8666.67 1 -14.8415 -58.8515 926.029 -0.175403 0.628094 0.305263
262 8700 1 -13.6957 -58.7589 929.675 -0.168784 0.599889 0.309132
263 8733.33 1 -13.5304 -58.9448 930.104 -0.159201 0.598303 0.308753
264 8766.67 1 -12.8107 -59.0783 919.388 -0.202808 0.587628 0.318516
265 8800 1 -13.0308 -58.3859 887.556 -0.247071 0.572992 0.350777
266 8833.33 1 -12.3814 -59.3308 895.005 -0.253395 0.574822 0.360546
267 8866.67 1 -12.3161 -59.4013 895.269 -0.2486 0.57388 0.360913
268 8900 1 -13.7809 -61.6463 906.471 -0.274798 0.589349 0.403698
269 8933.33 1 -15.2532 -60.8969 908.035 -0.253466 0.596615 0.434144
270 8966.67 1 -16.322 -59.4744 906.454 -0.22096 0.608062 0.44421
271 9000 1 -16.64 -59.4911 905.255 -0.224422 0.612592 0.455835
272 9033.33 1 -17.5977 -56.9886 908.723 -0.211165 0.630643 0.440504
273 9066.67 1 -19.3591 -52.9573 919.149 -0.200655 0.66723 0.414721
274 9100 1 -20.0737 -51.1669 927.773 -0.192811 0.667397 0.389465
275 9133.33 1 -20.3023 -51.0697 932.622 -0.20367 0.667463 0.394932
276 9166.67 1 -21.4706 -49.7659 932.546 -0.208065 0.684665 0.385322
277 9200 1 -24.025 -46.3068 915.988 -0.207338 0.712671 0.382063
278 9233.33 1 -24.8354 -43.8379 907.515 -0.207075 0.735629 0.374398
279 9266.67 1 -24.6474 -43.1063 903.216 -0.216034 0.742159 0.372957
280 9300 1 -25.666 -41.6014 890.926 -0.24435 0.763749 0.373141
281 9333.33 1 -27.0371 -39.3426 878.035 -0.235461 0.775735 0.33324
282 9366.67 1 -27.5865 -38.8069 869.176 -0.237163 0.774177 0.310713
283 9400 1 -26.9949 -39.4677 869.897 -0.207327 0.826837 0.285309
284 9433.33 1 -27.4503 -40.996 884.113 -0.127899 0.894303 0.244274
285 9466.67 1 -29.6188 -41.8374 892.112 -0.128386 0.876108 0.265052
