1 0 1 19.5344 23.727 889.513 0.160762 -0.0134788 0.109112
2 33.3333 1 19.1494 22.4565 902.879 0.202955 -0.0596375 0.134187
3 66.6667 1 17.1925 20.0313 912.831 0.215454 -0.0708415 0.140441
4 100 1 13.6574 16.7248 916.97 0.224693 -0.0503231 0.146413
5 133.333 1 10.5366 13.729 920.794 0.228598 -0.0443965 0.144585
6 166.667 1 8.50671 11.8132 922.095 0.238961 -0.0348698 0.145989
7 200 1 7.48591 11.5972 917.122 0.256388 -0.0474289 0.136439
8 233.333 1 6.27689 11.9991 902.62 0.263855 -0.0557548 0.135177
9 266.667 1 5.30007 13.0562 904.184 0.265516 -0.0749967 0.129563
10 300 1 3.87945 14.0748 910.526 0.263637 -0.0683322 0.120934
11 333.333 1 0.924247 14.4845 924.98 0.247525 -0.0524338 0.116336
12 366.667 1 -2.97524 13.8959 938.043 0.23796 -0.0588044 0.116603
13 400 1 -7.29799 12.6402 947.007 0.25793 -0.0951736 0.142959
14 433.333 1 -10.2106 11.7737 954.934 0.262672 -0.1003 0.157272
15 466.667 1 -11.2355 11.0903 956.555 0.267771 -0.0954014 0.16129
16 500 1 -11.3961 10.0916 965.267 0.274347 -0.0832592 0.171383
17 533.333 1 -10.4102 9.43091 968.522 0.277122 -0.0871316 0.18435
18 566.667 1 -7.4781 10.034 961.605 0.279573 -0.118177 0.201382
19 600 1 -4.29633 11.099 960.246 0.284167 -0.144353 0.213646
20 633.333 1 -1.04842 12.094 964.911 0.278949 -0.171159 0.21266
21 666.667 1 0.0246785 12.8334 991.076 0.279 -0.175079 0.191357
22 700 1 -1.44468 12.584 978.63 0.274641 -0.143786 0.180207
23 733.333 1 -4.27628 12.7119 957.238 0.268265 -0.106359 0.183705
24 766.667 1 -6.45015 12.6317 956.527 0.272734 -0.0772173 0.177586
25 800 1 -7.14683 12.3299 958.831 0.266508 -0.0585924 0.169825
26 833.333 1 -6.50307 11.839 957.972 0.263293 -0.0571935 0.157838
27 866.667 1 -5.40402 11.2621 953.305 0.255412 -0.0613212 0.151666
28 900 1 -3.87126 10.7131 953.486 0.250609 -0.0621899 0.145355
29 933.333 1 -2.7789 10.5508 952.237 0.252496 -0.0589106 0.142407
30 966.667 1 -2.26197 10.4877 950.644 0.251435 -0.0503844 0.140742
31 1000 1 -1.99553 10.5705 949.142 0.259014 -0.0500388 0.140864
32 1033.33 1 -2.01046 10.51 948.006 0.261931 -0.0497382 0.141324
33 1066.67 1 -2.41537 10.0545 942.48 0.260232 -0.0437471 0.141442
34 1100 1 -3.02977 9.51674 940.907 0.261465 -0.0392382 0.14026
35 1133.33 1 -3.75471 8.06983 951.061 0.253603 -0.0311688 0.141285
36 1166.67 1 -4.14964 7.19212 961.243 0.253472 -0.0246004 0.139551
37 1200 1 -4.1282 7.11496 961.011 0.257885 -0.023187 0.135576
38 1233.33 1 -3.97903 7.53189 949.944 0.264708 -0.0255699 0.131477
39 1266.67 1 -3.46848 8.46314 939.794 0.264932 -0.0314229 0.137588
40 1300 1 -2.24987 9.48892 936.9 0.269915 -0.0513186 0.145723
41 1333.33 1 -0.0608706 10.5655 938.453 0.274448 -0.0867318 0.150104
42 1366.67 1 3.16899 11.6685 938.746 0.286373 -0.134861 0.154397
43 1400 1 7.5986 13.2809 945.329 0.298433 -0.188645 0.154413
44 1433.33 1 11.8368 15.2398 957.624 0.296552 -0.216027 0.141928
45 1466.67 1 13.902 16.1923 959.712 0.297913 -0.223624 0.134637
46 1500 1 14.2863 16.7072 969.09 0.296868 -0.206189 0.12777
47 1533.33 1 13.0769 18.289 985.914 0.293285 -0.18334 0.1261
48 1566.67 1 11.3699 19.0525 979.723 0.290902 -0.149145 0.133143
49 1600 1 9.84881 19.6419 953.652 0.280519 -0.122942 0.147939
50 1633.33 1 9.28461 20.0773 924.919 0.279448 -0.117853 0.166379
51 1666.67 1 8.4416 20.4235 910.359 0.261212 -0.119203 0.183158
52 1700 1 6.94714 20.6988 902.906 0.241659 -0.108035 0.18808
53 1733.33 1 4.50514 21.06 897.606 0.23031 -0.092697 0.186429
54 1766.67 1 2.59377 21.0537 894.417 0.225096 -0.0735823 0.184229
55 1800 1 0.998549 20.6669 893.592 0.222318 -0.0730593 0.174957
56 1833.33 1 0.459149 20.0453 900.892 0.224895 -0.0669679 0.166747
57 1866.67 1 -0.14144 18.9895 911.177 0.233864 -0.0673364 0.158989
58 1900 1 -0.63412 18.0652 922.407 0.246468 -0.0677459 0.148855
59 1933.33 1 -0.852654 17.3337 929.021 0.258545 -0.0709591 0.139486
60 1966.67 1 -1.05616 16.8047 927.135 0.263117 -0.0625687 0.134178
61 2000 1 -1.02271 16.2519 922.658 0.261411 -0.0649377 0.134694
62 2033.33 1 -1.41124 15.9098 919 0.254567 -0.0686075 0.1392
63 2066.67 1 -1.47727 15.4751 917.731 0.257773 -0.0659146 0.143781
64 2100 1 -0.963492 15.4474 918.754 0.259871 -0.0707436 0.148742
65 2133.33 1 -0.30891 15.3719 922.322 0.258167 -0.0779549 0.150187
66 2166.67 1 0.484868 15.0508 926.852 0.260134 -0.0767525 0.155842
67 2200 1 1.27185 14.2301 931.634 0.259116 -0.083932 0.162886
68 2233.33 1 1.86142 13.5271 938.402 0.262144 -0.0839747 0.165894
69 2266.67 1 2.36641 13.0417 939.416 0.258909 -0.0883087 0.165085
70 2300 1 2.68435 13.01 938.69 0.265598 -0.0796256 0.168175
71 2333.33 1 2.53533 12.9644 940.975 0.269936 -0.0816899 0.168336
72 2366.67 1 1.60261 13.4073 940.414 0.273774 -0.0802103 0.168253
73 2400 1 0.24915 14.3194 935.974 0.284554 -0.0772489 0.164068
74 2433.33 1 -1.83962 15.5184 929.355 0.292837 -0.0750449 0.160551
75 2466.67 1 -4.70511 16.9684 934.078 0.300458 -0.067812 0.159527
76 2500 1 -7.9266 17.2236 936.305 0.300554 -0.0627665 0.147806
77 2533.33 1 -10.3737 17.3432 938.153 0.298966 -0.0603687 0.13546
78 2566.67 1 -11.9958 16.8554 942.936 0.28916 -0.0605444 0.126177
79 2600 1 -12.6035 16.0937 947.924 0.275379 -0.0638529 0.119396
80 2633.33 1 -12.4484 15.1667 945.727 0.266506 -0.0685935 0.117639
81 2666.67 1 -11.6841 14.7434 945.766 0.26781 -0.0732296 0.117084
82 2700 1 -10.8454 14.83 943.573 0.270983 -0.0727501 0.121538
83 2733.33 1 -9.57041 15.8498 949.096 0.276316 -0.0809275 0.133778
84 2766.67 1 -8.66091 16.3032 951.297 0.274966 -0.0765136 0.138806
85 2800 1 -8.1421 16.3013 956.746 0.265037 -0.0765099 0.140776
86 2833.33 1 -7.66498 15.6829 960.518 0.256968 -0.0762533 0.141059
87 2866.67 1 -7.12664 14.417 961.724 0.246473 -0.0803573 0.138204
88 2900 1 -5.61684 12.3918 968.356 0.226419 -0.0918902 0.129507
89 2933.33 1 -4.67898 11.0031 968.177 0.208787 -0.0928749 0.12441
90 2966.67 1 -4.37418 10.3998 961.909 0.202322 -0.095536 0.116592
91 3000 1 -4.6472 10.6262 962.665 0.19905 -0.0937468 0.11503
92 3033.33 1 -5.51329 11.0251 962.637 0.197411 -0.0928904 0.114903
93 3066.67 1 -7.14733 12.4599 966.736 0.208498 -0.0859505 0.115421
94 3100 1 -9.60889 14.5498 968.02 0.226164 -0.0822098 0.114277
95 3133.33 1 -12.7085 16.356 969.148 0.236662 -0.0710482 0.113235
96 3166.67 1 -17.0138 17.4915 970.962 0.24645 -0.0600164 0.112426
97 3200 1 -21.987 17.8546 972.782 0.244536 -0.0480536 0.11196
98 3233.33 1 -27.6441 19.0155 1005.01 0.230367 -0.0438636 0.102524
99 3266.67 1 -32.5916 18.4323 1025.56 0.216151 -0.042938 0.0939613
100 3300 1 -37.2563 16.7574 1035.72 0.203355 -0.0474507 0.0902243
101 3333.33 1 -42.0301 14.4527 1040.31 0.199046 -0.0512315 0.0845646
102 3366.67 1 -46.4624 12.7754 1044.38 0.197391 -0.0581673 0.0808146
103 3400 1 -50.3487 11.5403 1052.32 0.195997 -0.0579139 0.0793235
104 3433.33 1 -55.105 10.232 1060.28 0.206241 -0.0651269 0.0656306
105 3466.67 1 -59.6229 8.94272 1070.57 0.214288 -0.0700178 0.0508801
106 3500 1 -64.0507 7.8409 1080.67 0.20875 -0.0811433 0.0397298
107 3533.33 1 -67.7902 6.74067 1089.52 0.204686 -0.0779251 0.0407416
108 3566.67 1 -71.8827 5.29221 1104.32 0.19984 -0.0705522 0.0431744
109 3600 1 -75.3535 4.77739 1113.19 0.210718 -0.0773816 0.0487396
110 3633.33 1 -79.3251 4.95706 1123.91 0.218552 -0.0767434 0.0522836
111 3666.67 1 -83.3918 5.64502 1126.74 0.227033 -0.0858138 0.0584723
112 3700 1 -88.2868 7.28058 1137.67 0.235261 -0.0862474 0.059048
113 3733.33 1 -93.6315 9.15513 1148.75 0.236708 -0.0873937 0.0637673
114 3766.67 1 -99.9151 10.5479 1158.73 0.239794 -0.0858311 0.062317
115 3800 1 -106.201 11.5572 1172.49 0.236829 -0.0912843 0.0611023
116 3833.33 1 -112.19 11.5822 1170.45 0.235353 -0.110421 0.0744733
117 3866.67 1 -117.603 12.2773 1178.41 0.236121 -0.123608 0.0819622
118 3900 1 -123.281 13.3576 1179.36 0.238138 -0.13454 0.0903065
119 3933.33 1 -129.134 15.3775 1185.2 0.241272 -0.144323 0.0947988
120 3966.67 1 -135.627 17.8216 1194.41 0.244654 -0.151486 0.0953966
121 4000 1 -141.574 20.0789 1202.55 0.254355 -0.158293 0.101461
122 4033.33 1 -147.017 21.6152 1220.13 0.250337 -0.166432 0.103156
123 4066.67 1 -154.983 22.7502 1265.19 0.250877 -0.21144 0.100423
124 4100 1 -158.136 22.8242 1271.83 0.245918 -0.231615 0.10268
125 4133.33 1 -160.956 21.9128 1276.13 0.239984 -0.266907 0.103643
126 4166.67 1 -162.004 20.3342 1273.44 0.239252 -0.30716 0.10264
127 4200 1 -163.777 19.5486 1284.47 0.242182 -0.35793 0.104176
128 4233.33 1 -163.729 18.5661 1290.87 0.246087 -0.410701 0.0965612
129 4266.67 1 -164.998 17.905 1306.88 0.22471 -0.465762 0.0872484
130 4300 1 -164.845 17.0767 1313.94 0.218901 -0.505557 0.0844409
131 4333.33 1 -166.469 16.0783 1327.44 0.221977 -0.542348 0.0835105
132 4366.67 1 173.278 -32.7637 1346.42 0.175537 0.197486 -0.175716
133 4400 1 173.893 -36.7696 1378.62 0.167124 0.19893 -0.179263
134 4433.33 1 172.788 -39.1751 1402.27 0.161712 0.186118 -0.177914
135 4466.67 1 170.493 -41.1617 1412.11 0.157559 0.167104 -0.179665
136 4500 1 163.92 -41.2773 1389.15 0.170539 0.14739 -0.198419
137 4533.33 1 159.845 -42.1344 1378.12 0.17433 0.136467 -0.223716
138 4566.67 1 159.215 -43.9117 1385.29 0.179812 0.133233 -0.226395
139 4600 1 161.085 -46.5012 1389.89 0.170094 0.118354 -0.222705
140 4633.33 1 162.728 -49.3217 1395.69 0.161653 0.110201 -0.220185
141 4666.67 1 165.046 -52.0736 1397.45 0.157305 0.0958753 -0.223847
142 4700 1 167.193 -53.2053 1389.97 0.150583 0.0866717 -0.221073
143 4733.33 1 167.716 -53.7471 1379.6 0.146619 0.0650322 -0.21682
144 4766.67 1 168.497 -54.2936 1373.47 0.14101 0.0575461 -0.212825
145 4800 1 170.299 -54.7974 1371.99 0.138488 0.0462026 -0.208836
146 4833.33 1 171.146 -56.007 1376.38 0.129667 0.0441006 -0.204516
147 4866.67 1 171.442 -57.6856 1386.82 0.116232 0.0375913 -0.20336
148 4900 1 171.449 -59.4429 1394.21 0.0998746 0.0306985 -0.2051
149 4933.33 1 170.261 -60.6386 1396.68 0.0855252 0.0335844 -0.210372
150 4966.67 1 168.569 -60.3278 1395.86 0.080178 0.0351117 -0.210398
151 5000 1 166.539 -57.5598 1391.3 0.077165 0.0380929 -0.216251
152 5033.33 1 164.066 -55.0593 1377.83 0.0803458 0.0435023 -0.219955
153 5066.67 1 163.766 -52.6682 1377.76 0.0788196 0.0460073 -0.226354
154 5100 1 164.199 -50.5056 1380.8 0.0827849 0.0609174 -0.228711
155 5133.33 1 165.784 -48.5513 1382.8 0.0963324 0.074241 -0.235991
156 5166.67 1 167.924 -48.1534 1386.49 0.101599 0.0809141 -0.241454
157 5200 1 170.806 -48.5268 1390.66 0.0938499 0.0836879 -0.240501
158 5233.33 1 174.043 -48.7982 1391.11 0.0941111 0.0767733 -0.239084
159 5266.67 1 176.73 -47.8872 1385.07 0.089637 0.0683074 -0.232269
160 5300 1 179.999 -46.9075 1384.79 0.092877 0.0564548 -0.228318
