1 0 1 15.3184 21.5175 435.873 0.102341 -0.0167433 0.0147155
2 33.3333 1 15.1163 23.6536 434.837 0.114951 -0.0167119 0.0113475
3 66.6667 1 14.4732 24.6425 432.532 0.126399 -0.0127141 0.0101539
4 100 1 14.5679 22.9573 435.577 0.101118 -0.0141146 0.0127666
5 133.333 1 14.7552 20.9067 438.091 0.0891982 -0.0173819 0.0126598
6 166.667 1 15.3068 20.2094 437.8 0.0915613 -0.0212564 0.0160591
7 200 1 16.2529 20.644 436.655 0.103514 -0.0262828 0.0224664
8 233.333 1 16.808 21.4096 433.402 0.0980772 -0.0264349 0.0233837
9 266.667 1 16.4685 20.8603 430.061 0.0984635 -0.0224686 0.0258769
10 300 1 16.23 19.0416 430.662 0.0872121 -0.0204189 0.0261479
11 333.333 1 15.002 17.6621 435.413 0.0720436 -0.0116375 0.0225228
12 366.667 1 14.5209 17.7199 434.207 0.0809013 -0.00744449 0.0199573
13 400 1 14.3199 18.4906 434.053 0.0966416 -0.00366517 0.0166079
14 433.333 1 14.1749 19.0849 435.95 0.106894 0.00271134 0.0119906
15 466.667 1 13.256 18.6806 438.663 0.103605 0.0141373 0.00964445
16 500 1 12.0089 18.3558 438.124 0.0995121 0.0228743 0.00575791
17 533.333 1 10.4524 18.8703 438.688 0.103929 0.0344968 0.000678913
18 566.667 1 8.7928 19.485 439.879 0.111428 0.0503844 -0.00456077
19 600 1 6.78135 20.0708 440.773 0.116295 0.0651036 -0.0029807
20 633.333 1 4.25435 19.962 441.293 0.12298 0.0822051 -0.00174864
21 666.667 1 2.36867 19.529 441.52 0.122978 0.0932629 0.00112086
22 700 1 1.43556 20.0115 441.879 0.130461 0.097001 -0.0017991
23 733.333 1 0.869842 21.211 441.935 0.140966 0.0959773 -0.00984345
24 766.667 1 -0.218389 21.8407 442.721 0.146339 0.103114 -0.0212128
25 800 1 -1.37106 21.9393 443.02 0.147581 0.113316 -0.0324309
26 833.333 1 -2.46388 21.3306 442.376 0.139141 0.12675 -0.03819
27 866.667 1 -3.14173 20.7781 442.465 0.132367 0.138536 -0.0435917
28 900 1 -3.40396 20.7133 440.493 0.137207 0.144491 -0.0486048
29 933.333 1 -4.4123 20.7892 442.042 0.135271 0.164006 -0.0407887
30 966.667 1 -3.57373 22.2469 449.309 0.128879 0.180794 -0.0239846
31 1000 1 -3.48348 22.7027 450.816 0.127943 0.179603 -0.0264192
32 1033.33 1 -3.64007 23.0423 451.977 0.119161 0.182115 -0.0313792
33 1066.67 1 -3.87672 23.1594 452.048 0.114531 0.18733 -0.0376065
34 1100 1 -4.13579 23.7041 452.934 0.124022 0.19118 -0.0400896
35 1133.33 1 -4.4616 24.0923 454.289 0.123644 0.195695 -0.0435559
36 1166.67 1 -4.8691 24.7891 456.369 0.122065 0.206164 -0.0407432
37 1200 1 -4.81151 25.0554 455.486 0.127734 0.207012 -0.0399044
38 1233.33 1 -4.33434 25.0062 456.814 0.116894 0.201692 -0.0396212
39 1266.67 1 -4.44323 25.5017 456.753 0.122436 0.198996 -0.0362725
40 1300 1 -4.61342 26.3281 458.299 0.109777 0.200009 -0.0363274
41 1333.33 1 -4.51618 27.4713 455.035 0.109149 0.203736 -0.0402355
42 1366.67 1 -4.45232 27.7391 454.365 0.105435 0.202721 -0.0397133
43 1400 1 -3.91232 27.9144 455.798 0.118229 0.199651 -0.0401868
44 1433.33 1 -3.50327 27.7918 457.252 0.11858 0.195987 -0.040921
45 1466.67 1 -2.97069 27.5125 456.163 0.120946 0.192614 -0.0446889
46 1500 1 -2.66648 26.6266 453.826 0.118581 0.190088 -0.0565458
47 1533.33 1 -2.96018 24.877 450.969 0.111068 0.189823 -0.0745575
48 1566.67 1 -4.56209 22.4458 449.479 0.0872773 0.195178 -0.0946153
49 1600 1 -7.52396 20.0589 447.846 0.0707039 0.205138 -0.122516
50 1633.33 1 -11.3402 18.7179 446.966 0.0634623 0.21762 -0.152561
51 1666.67 1 -15.6958 18.3792 445.572 0.0695528 0.228673 -0.191544
52 1700 1 -20.4424 18.7589 444.52 0.0784619 0.238293 -0.230939
53 1733.33 1 -25.5301 19.6569 443.76 0.0915841 0.24397 -0.268809
54 1766.67 1 -31.5725 20.8912 444.845 0.111692 0.251886 -0.306732
55 1800 1 -38.2523 22.2091 445.912 0.121567 0.26216 -0.355511
56 1833.33 1 -45.6421 23.2836 445.428 0.126159 0.283719 -0.41347
57 1866.67 1 -54.5865 23.7649 446.087 0.108069 0.310692 -0.46457
58 1900 1 -62.3746 25.5211 443.888 0.0965953 0.344468 -0.499545
59 1933.33 1 -68.6356 29.7921 441.234 0.110168 0.363904 -0.532838
60 1966.67 1 -74.0966 35.0623 442.775 0.143234 0.361969 -0.573769
61 2000 1 -78.6438 38.8386 446.105 0.166508 0.360113 -0.617722
62 2033.33 1 -81.9071 41.3391 451.77 0.2016 0.347146 -0.670698
63 2066.67 1 -82.6264 41.4932 456.234 0.219359 0.347844 -0.700305
64 2100 1 -79.003 40.2151 458.431 0.222573 0.334433 -0.687984
65 2133.33 1 -73.941 39.1381 463.864 0.224238 0.30051 -0.662684
66 2166.67 1 -68.7345 38.5376 471.627 0.226949 0.266317 -0.630508
67 2200 1 -62.181 37.3924 475.385 0.220972 0.251569 -0.602681
68 2233.33 1 -54.5661 36.2923 478.838 0.21016 0.242728 -0.577786
69 2266.67 1 -47.2589 35.3653 485.63 0.191711 0.238777 -0.546319
70 2300 1 -39.4451 35.3952 494.727 0.188816 0.218675 -0.514982
71 2333.33 1 -31.8628 35.5919 503.423 0.187164 0.191603 -0.483154
72 2366.67 1 -24.6359 34.9533 505.489 0.185123 0.172109 -0.452534
73 2400 1 -18.8196 33.7113 506.026 0.163081 0.150509 -0.43429
74 2433.33 1 -13.4388 31.5747 508.497 0.146755 0.114465 -0.427506
75 2466.67 1 -7.61647 28.9802 507.636 0.129458 0.096493 -0.413324
76 2500 1 -1.74951 26.33 507.32 0.10988 0.0816466 -0.397589
77 2533.33 1 3.81212 23.8773 503.96 0.083347 0.0825668 -0.38481
78 2566.67 1 8.53925 21.4447 497.885 0.0699994 0.0861254 -0.382176
79 2600 1 11.6113 20.2317 489.755 0.0674655 0.0910754 -0.385749
80 2633.33 1 13.3863 19.0446 477.506 0.069392 0.102893 -0.393692
81 2666.67 1 15.0512 17.48 458.144 0.0877171 0.135221 -0.403316
82 2700 1 15.9295 16.0396 449.122 0.105483 0.147532 -0.408553
83 2733.33 1 16.5042 15.2275 450.086 0.115154 0.145432 -0.407218
84 2766.67 1 17.6183 14.9476 453.81 0.117827 0.141789 -0.402155
85 2800 1 18.6653 14.6434 455.652 0.12167 0.138987 -0.40154
86 2833.33 1 19.399 14.1983 457.334 0.127842 0.141136 -0.400663
87 2866.67 1 19.7093 13.7788 458.264 0.130948 0.144485 -0.401103
88 2900 1 18.8031 12.754 459.507 0.13873 0.153215 -0.392179
89 2933.33 1 17.6304 11.6441 460.79 0.133753 0.161708 -0.383866
90 2966.67 1 17.1185 10.8611 463.985 0.14262 0.1936 -0.359461
91 3000 1 15.7978 11.1186 464.73 0.143064 0.206613 -0.347627
92 3033.33 1 14.8991 12.002 465.009 0.14349 0.213584 -0.337887
93 3066.67 1 13.7276 12.7421 463.181 0.143197 0.223191 -0.332849
94 3100 1 12.2192 12.6853 459.444 0.13626 0.238118 -0.319625
95 3133.33 1 11.1269 12.3806 449.282 0.157264 0.224266 -0.319943
96 3166.67 1 10.0454 11.5236 446.5 0.150753 0.228343 -0.313529
97 3200 1 9.03061 10.0876 448.704 0.128476 0.247447 -0.298809
98 3233.33 1 9.42112 9.5254 448.684 0.130056 0.23421 -0.293562
99 3266.67 1 10.2604 9.31988 448.634 0.125069 0.220528 -0.294776
100 3300 1 10.509 9.86081 449.15 0.126829 0.215838 -0.295721
101 3333.33 1 10.3439 10.3643 448.027 0.132867 0.215082 -0.298039
102 3366.67 1 10.3256 10.945 446.939 0.13222 0.216607 -0.302298
103 3400 1 10.2135 11.329 445.265 0.120218 0.22277 -0.306451
104 3433.33 1 10.0171 11.3301 446.001 0.123454 0.225898 -0.302124
105 3466.67 1 9.51274 11.3584 447.435 0.132776 0.236495 -0.295254
106 3500 1 9.43268 12.0904 447.132 0.143407 0.243818 -0.283608
107 3533.33 1 10.1182 12.0364 445.606 0.150862 0.225988 -0.28075
108 3566.67 1 10.6894 12.1311 445.055 0.147634 0.219393 -0.272169
109 3600 1 11.6306 11.9696 448.101 0.13973 0.222157 -0.258362
110 3633.33 1 13.3427 11.4185 449.02 0.139125 0.214764 -0.239653
111 3666.67 1 15.0354 10.5596 449.347 0.138513 0.202474 -0.220065
112 3700 1 16.5201 9.38386 449.127 0.132402 0.19803 -0.209344
113 3733.33 1 17.0168 8.63496 445.208 0.139272 0.201943 -0.203254
114 3766.67 1 15.8714 6.74897 450.142 0.110916 0.22428 -0.198738
115 3800 1 14.3345 5.01274 452.362 0.0939476 0.238098 -0.191231
116 3833.33 1 13.7282 4.34468 450.013 0.0997612 0.230908 -0.188812
117 3866.67 1 14.5646 3.17595 449.915 0.0824377 0.220925 -0.177765
118 3900 1 16.6472 2.48223 451.108 0.0837721 0.201302 -0.164911
119 3933.33 1 18.6852 2.3483 452.949 0.0845527 0.188081 -0.152253
120 3966.67 1 17.8937 2.67584 453.785 0.0782926 0.199853 -0.150302
121 4000 1 14.6649 4.43564 453.522 0.0912461 0.220124 -0.16462
122 4033.33 1 12.4903 5.31733 454.316 0.0952648 0.24739 -0.157595
123 4066.67 1 14.3109 6.04409 454.858 0.104256 0.221448 -0.150473
124 4100 1 15.5973 6.50546 455.399 0.0870588 0.210275 -0.141793
125 4133.33 1 15.992 7.99764 457.647 0.0767844 0.202457 -0.14369
126 4166.67 1 15.5044 9.5565 459.825 0.0748958 0.200695 -0.140723
127 4200 1 15.9035 10.6091 459.73 0.0851354 0.191744 -0.129749
128 4233.33 1 18.3215 11.3788 458.744 0.10475 0.170222 -0.102616
129 4266.67 1 21.3071 13.1962 454.541 0.124015 0.13801 -0.0752658
130 4300 1 24.8255 15.2713 452.221 0.144282 0.123673 -0.0592722
131 4333.33 1 28.3302 16.5407 454.858 0.137805 0.116939 -0.0376364
132 4366.67 1 29.6729 16.2926 455.322 0.135874 0.112985 -0.0272804
133 4400 1 29.5305 15.2177 455.694 0.119843 0.122327 -0.0378174
134 4433.33 1 27.1363 14.106 456.277 0.10768 0.142043 -0.0688416
135 4466.67 1 23.5322 13.4425 452.818 0.112939 0.155274 -0.119029
136 4500 1 18.6939 13.9628 455.703 0.122855 0.184736 -0.162067
137 4533.33 1 12.493 16.0941 454.963 0.140057 0.201538 -0.183328
138 4566.67 1 6.84258 18.6459 452.417 0.162168 0.205638 -0.206439
139 4600 1 2.19359 20.4898 450.751 0.175931 0.20396 -0.225312
140 4633.33 1 -1.1264 20.3233 451.336 0.169571 0.205374 -0.226788
141 4666.67 1 -3.23779 18.4467 455.249 0.135269 0.218853 -0.202438
142 4700 1 -2.96612 16.8221 456.2 0.123893 0.20618 -0.173038
143 4733.33 1 -0.576326 16.6436 457.164 0.12528 0.179997 -0.14511
144 4766.67 1 2.3197 18.118 459.052 0.130208 0.164127 -0.113778
145 4800 1 4.48105 19.7496 457.21 0.134167 0.142839 -0.104368
146 4833.33 1 6.38166 19.9835 458.044 0.138586 0.13142 -0.109512
147 4866.67 1 8.15348 19.1506 456.626 0.130088 0.131326 -0.117023
148 4900 1 9.41848 18.1604 456.059 0.1289 0.134661 -0.130651
149 4933.33 1 9.51007 17.9844 456.09 0.125342 0.144722 -0.148536
150 4966.67 1 8.79851 18.8489 454.241 0.138516 0.153455 -0.167521
151 5000 1 8.21604 19.0989 452.945 0.136599 0.158472 -0.180522
152 5033.33 1 9.04115 18.3586 453.339 0.12961 0.156999 -0.177798
153 5066.67 1 10.8975 17.1726 455.332 0.117639 0.150772 -0.164157
154 5100 1 13.1505 17.4768 456.353 0.119895 0.13605 -0.149011
155 5133.33 1 13.6145 18.3745 453.619 0.134227 0.128317 -0.143707
156 5166.67 1 12.5484 18.6751 448.854 0.130279 0.127269 -0.154799
157 5200 1 9.38415 16.4238 449.801 0.101353 0.157633 -0.164696
158 5233.33 1 3.70151 11.8637 454.051 0.0789034 0.22363 -0.1716
159 5266.67 1 -2.79242 9.2438 452.767 0.0673271 0.27741 -0.172736
160 5300 1 -8.08925 8.69394 451.909 0.0785177 0.313366 -0.184043
161 5333.33 1 -8.98144 9.11778 450.049 0.102875 0.307716 -0.183933
162 5366.67 1 -5.45589 9.93056 451.459 0.109242 0.270223 -0.180207
163 5400 1 -3.00833 8.93329 449.55 0.0968323 0.251641 -0.170276
164 5433.33 1 -3.16063 6.88494 449.231 0.0857891 0.247677 -0.166963
165 5466.67 1 -3.9014 6.18183 446.204 0.0960437 0.250483 -0.161347
166 5500 1 -4.25477 6.16511 445.641 0.104988 0.248226 -0.158521
167 5533.33 1 -4.36906 6.55374 444.225 0.109046 0.250643 -0.156541
168 5566.67 1 -3.61772 7.5248 439.981 0.142681 0.244605 -0.159185
169 5600 1 -2.52179 8.0153 438.566 0.160151 0.248594 -0.150668
170 5633.33 1 -0.736734 7.6811 437.095 0.159332 0.259608 -0.133712
171 5666.67 1 2.87408 6.491 437.315 0.149132 0.257424 -0.102316
172 5700 1 7.94559 5.86401 436.87 0.149626 0.236572 -0.0770298
173 5733.33 1 11.9617 6.09078 441.844 0.138931 0.21393 -0.0733468
174 5766.67 1 12.8833 7.24876 441.96 0.152726 0.21462 -0.0816928
175 5800 1 10.937 8.2832 440.342 0.169287 0.232377 -0.0958244
176 5833.33 1 8.75556 9.03034 438.883 0.177666 0.250469 -0.106263
177 5866.67 1 9.11195 9.50918 437.571 0.18677 0.251835 -0.105989
178 5900 1 9.64847 9.32431 437.359 0.17915 0.249289 -0.104194
179 5933.33 1 9.3221 8.74608 437.622 0.166604 0.247952 -0.101278
180 5966.67 1 8.64135 8.299 436.774 0.157704 0.24377 -0.099746
181 6000 1 6.79974 7.46257 440.792 0.120919 0.253291 -0.108226
182 6033.33 1 2.81796 6.32347 446.145 0.0848961 0.28021 -0.121561
183 6066.67 1 -2.91584 3.91979 447.03 0.0527019 0.322907 -0.137158
184 6100 1 -8.72088 1.48773 443.73 0.042207 0.361852 -0.144597
185 6133.33 1 -13.8717 -0.701526 444.187 0.0238141 0.399742 -0.146333
186 6166.67 1 -18.3356 -2.57531 445.201 0.0156004 0.425076 -0.148512
187 6200 1 -21.603 -4.56047 446.223 0.0150575 0.443063 -0.146724
188 6233.33 1 -23.8604 -6.11433 447.838 0.0175457 0.451607 -0.14841
189 6266.67 1 -24.8085 -7.16503 449.752 0.0187123 0.453654 -0.147902
190 6300 1 -25.2021 -7.98105 453.878 0.0295851 0.457412 -0.148344
191 6333.33 1 -25.6495 -8.4635 460.254 0.0460606 0.458586 -0.150723
192 6366.67 1 -25.5059 -8.59648 466.435 0.0653514 0.454965 -0.143792
193 6400 1 -25.2408 -8.35663 470.585 0.0804307 0.451071 -0.136927
194 6433.33 1 -24.7516 -7.74964 471.966 0.0825909 0.449504 -0.129151
195 6466.67 1 -23.8427 -6.77108 472.513 0.0832632 0.445793 -0.124674
196 6500 1 -22.9453 -5.57626 471.257 0.0814215 0.444654 -0.122482
197 6533.33 1 -21.9492 -4.54632 469.987 0.0803646 0.441537 -0.119122
198 6566.67 1 -20.5309 -3.1623 464.468 0.0799502 0.436627 -0.123664
199 6600 1 -19.5689 -2.83744 457.671 0.051512 0.451247 -0.121199
200 6633.33 1 -18.9842 -2.86673 450.909 0.0247417 0.461037 -0.109063
201 6666.67 1 -18.732 -2.81278 448.636 0.014045 0.45977 -0.10306
202 6700 1 -18.5764 -2.7783 447.705 0.00694104 0.457617 -0.0990664
203 6733.33 1 -18.4625 -2.59005 446.006 0.00501115 0.457136 -0.0968889
204 6766.67 1 -18.0802 -2.54022 446.148 -0.00224343 0.457279 -0.088149
205 6800 1 -18.0901 -2.34888 446.665 -0.00597847 0.460485 -0.0809623
206 6833.33 1 -18.3184 -2.01712 448.873 -0.00619018 0.460375 -0.0768601
207 6866.67 1 -18.2796 -1.75668 449.608 -0.00357688 0.462611 -0.0746719
208 6900 1 -18.1776 -1.4338 451.107 -0.00361248 0.456774 -0.0772471
209 6933.33 1 -18.1392 -1.28806 452.721 -0.00710964 0.449281 -0.0796084
210 6966.67 1 -17.951 -1.138 452.853 -0.00504041 0.445613 -0.0765897
211 7000 1 -18.8946 -0.963725 455.383 0.00892285 0.445966 -0.0893648
212 7033.33 1 -19.0376 -0.98349 456.743 0.0157148 0.441041 -0.0978943
213 7066.67 1 -18.6478 -0.813137 455.582 0.0232291 0.440235 -0.100058
214 7100 1 -18.1959 -0.521006 455.258 0.0335061 0.43698 -0.100812
215 7133.33 1 -17.8156 -0.350234 453.699 0.0386121 0.435761 -0.101707
216 7166.67 1 -17.363 -0.304163 453.384 0.0365079 0.436528 -0.0996526
217 7200 1 -16.7629 -0.251101 453.196 0.0426046 0.435502 -0.101051
218 7233.33 1 -16.3287 0.0832217 453.265 0.0459689 0.43443 -0.101699
219 7266.67 1 -15.7431 0.154023 450.423 0.0273747 0.435766 -0.0925749
220 7300 1 -15.5186 0.370102 449.604 0.0314738 0.433334 -0.0920555
221 7333.33 1 -15.4029 0.544388 450.198 0.0411353 0.430121 -0.0969588
222 7366.67 1 -15.102 0.792813 449.88 0.0502536 0.428032 -0.101973
223 7400 1 -14.8721 1.2746 448.839 0.0580611 0.425524 -0.105006
224 7433.33 1 -14.5298 1.6597 446.7 0.0602743 0.423545 -0.108414
225 7466.67 1 -14.4005 2.04008 446.545 0.0566876 0.424214 -0.11129
226 7500 1 -14.0238 2.50713 443.631 0.0515381 0.424128 -0.110868
227 7533.33 1 -13.7893 2.96326 442.317 0.0482506 0.423777 -0.11035
228 7566.67 1 -13.576 3.2423 440.395 0.0443145 0.421963 -0.111157
229 7600 1 -13.3902 3.43465 438.602 0.0421697 0.422332 -0.109473
230 7633.33 1 -12.9951 3.6916 436.389 0.0346138 0.42145 -0.101908
231 7666.67 1 -12.9029 4.00144 435.503 0.0421094 0.419229 -0.100257
232 7700 1 -12.8907 4.18504 436.213 0.0461513 0.416684 -0.100183
233 7733.33 1 -12.7974 4.27425 436.254 0.0542373 0.414264 -0.10197
234 7766.67 1 -13.8388 4.31884 440.282 0.0780786 0.414276 -0.119835
235 7800 1 -13.8217 4.04516 441.227 0.0937517 0.411059 -0.129189
236 7833.33 1 -13.5831 4.17504 442.145 0.107534 0.407878 -0.133316
237 7866.67 1 -12.9513 5.3259 444.837 0.131258 0.404155 -0.143432
238 7900 1 -11.3079 9.1107 452.474 0.153051 0.40588 -0.13583
239 7933.33 1 -7.99871 14.0018 456.448 0.166975 0.393399 -0.135377
240 7966.67 1 -3.88797 18.207 456.508 0.198826 0.368088 -0.134595
241 8000 1 0.538344 21.4077 453.229 0.236588 0.327446 -0.119601
242 8033.33 1 5.67537 25.0322 453.585 0.26399 0.278033 -0.102991
243 8066.67 1 9.33205 27.6392 452.718 0.279444 0.252582 -0.0911856
244 8100 1 10.508 29.5564 450.348 0.290911 0.246399 -0.0844035
245 8133.33 1 10.1651 30.7226 449.861 0.29778 0.24964 -0.0768088
246 8166.67 1 9.32168 31.5499 451.733 0.292367 0.25421 -0.0678087
247 8200 1 8.30373 31.5369 452.668 0.285185 0.261671 -0.0588234
248 8233.33 1 7.67223 31.4759 452.154 0.266514 0.265357 -0.044261
249 8266.67 1 7.42516 34.191 464.589 0.239502 0.263131 -0.0522929
250 8300 1 8.71553 34.4038 471.934 0.181878 0.256793 -0.0502057
251 8333.33 1 11.4864 33.9324 473.999 0.170728 0.233183 -0.0499979
252 8366.67 1 13.8539 32.9702 474.423 0.166215 0.204973 -0.0617753
253 8400 1 15.0609 31.7465 475.732 0.160891 0.183599 -0.0681842
254 8433.33 1 15.0322 30.5566 476.604 0.160102 0.169416 -0.074811
255 8466.67 1 14.4398 29.4502 477.207 0.155979 0.163893 -0.0818793
256 8500 1 12.7582 27.7697 474.983 0.14638 0.149413 -0.096304
257 8533.33 1 9.85799 25.4722 472.189 0.134055 0.145206 -0.116686
258 8566.67 1 6.87054 22.5072 468.526 0.129804 0.157113 -0.132007
259 8600 1 2.55983 18.0068 466.665 0.113281 0.181091 -0.143426
260 8633.33 1 -5.35081 10.1198 463.064 0.0628075 0.228379 -0.161386
261 8666.67 1 -27.7378 -3.48041 502.5 0.129015 0.19265 -0.16664
262 8700 1 -34.8741 -8.83073 488.172 0.0286022 0.313096 -0.169988
263 8733.33 1 -40.5481 -14.8137 476.989 -0.0582594 0.323698 -0.182704
264 8766.67 1 -42.7971 -18.5586 464.222 -0.111403 0.330912 -0.23119
265 8800 1 -56.831 -27.9283 476.102 -0.186153 0.534886 -0.269991
266 8833.33 1 -56.327 -31.7751 479.071 -0.223568 0.5133 -0.259052
267 8866.67 1 -53.8429 -32.8929 480.355 -0.207461 0.496969 -0.255402
268 8900 1 -50.9596 -33.3932 486.984 -0.165627 0.472627 -0.247233
269 8933.33 1 -47.3887 -34.1274 498.861 -0.109894 0.439689 -0.21768
270 8966.67 1 -42.0514 -34.2441 503.329 -0.0653085 0.405282 -0.192938
271 9000 1 -35.8875 -33.1552 509.12 -0.0397385 0.369999 -0.177311
272 9033.33 1 -28.7998 -31.4689 516.855 -0.0169538 0.33914 -0.1645
273 9066.67 1 -19.8953 -29.5821 518.865 0.00470626 0.314274 -0.136946
274 9100 1 -11.4987 -30.1906 524.539 0.00819569 0.282277 -0.110828
275 9133.33 1 -2.448 -30.8422 523.658 -0.0116538 0.265082 -0.0775264
276 9166.67 1 6.4951 -30.3608 516.458 -0.0052308 0.221146 -0.0509576
277 9200 1 15.0407 -31.7582 516.386 -0.0309576 0.178575 -0.0124652
278 9233.33 1 23.6553 -33.0267 523.581 -0.0657767 0.155752 0.0257074
279 9266.67 1 29.741 -34.6314 539.85 -0.117633 0.143687 0.054821
