1 0 1 8.12893 -1.6137 931.738 0.0741267 0.231208 -0.059737
2 33.3333 1 10.0821 -1.43107 935.09 0.0868162 0.269842 -0.0850939
3 66.6667 1 12.193 0.923404 953.915 0.0838234 0.327289 -0.0941182
4 100 1 13.091 1.42833 956.904 0.053811 0.352332 -0.100238
5 133.333 1 11.8759 -1.37423 945.3 0.0436427 0.352933 -0.112617
6 166.667 1 11.8207 -1.59072 942.944 0.0494978 0.353437 -0.116555
7 200 1 10.2937 -4.07978 937.434 0.0425086 0.365579 -0.118479
8 233.333 1 10.1014 -4.29321 938.377 0.048366 0.366563 -0.117258
9 266.667 1 9.48305 -5.08629 935.205 0.0556658 0.365182 -0.120939
10 300 1 9.47226 -5.17657 934.014 0.0594597 0.365265 -0.122051
11 333.333 1 9.19786 -4.77915 933.095 0.0611237 0.375276 -0.12289
12 366.667 1 9.1587 -4.74871 932.235 0.0598325 0.37493 -0.122804
13 400 1 8.71908 -2.57619 920.006 0.0899494 0.386851 -0.139084
14 433.333 1 8.82862 -2.5168 918.646 0.0863539 0.390923 -0.143573
15 466.667 1 8.96326 -0.317821 918.186 0.111521 0.392151 -0.156434
16 500 1 8.98546 -0.225046 918.185 0.109753 0.394218 -0.158797
17 533.333 1 8.4678 2.96507 910.154 0.147416 0.394918 -0.17114
18 566.667 1 8.5028 3.08287 909.938 0.139938 0.39559 -0.171529
19 600 1 8.80849 7.12349 910.468 0.170891 0.384971 -0.169659
20 633.333 1 8.69862 7.36841 911.348 0.161712 0.382524 -0.168128
21 666.667 1 7.95455 12.9858 915.058 0.200981 0.362861 -0.162272
22 700 1 7.41604 13.3509 919.461 0.194452 0.353266 -0.156399
23 733.333 1 5.84567 14.3933 910.914 0.215852 0.338848 -0.160922
24 766.667 1 5.54088 14.3603 909.496 0.218216 0.32548 -0.15932
25 800 1 5.07203 17.2885 912.684 0.232301 0.324805 -0.167271
26 833.333 1 5.0812 17.4044 912.582 0.227185 0.32623 -0.168114
27 866.667 1 5.37937 18.4756 912.14 0.233076 0.325202 -0.176709
28 900 1 5.444 18.5105 911.35 0.229741 0.325412 -0.178062
29 933.333 1 5.51284 20.1751 913.933 0.236143 0.329677 -0.187115
30 966.667 1 5.56128 20.336 914.575 0.23271 0.33145 -0.188249
31 1000 1 6.02452 20.9687 912.8 0.24138 0.326857 -0.195417
32 1033.33 1 6.14562 20.9741 911.91 0.240902 0.329046 -0.198157
33 1066.67 1 7.07613 24.0058 906.548 0.276783 0.335754 -0.216636
34 1100 1 7.27247 24.1489 905.676 0.274729 0.341064 -0.222383
35 1133.33 1 7.83384 26.4751 920.685 0.287302 0.36495 -0.221433
36 1166.67 1 7.86416 26.6437 922.33 0.285814 0.371079 -0.21968
37 1200 1 6.64818 29.4189 917.172 0.291633 0.369985 -0.2153
38 1233.33 1 6.42851 29.9757 915.737 0.284243 0.364253 -0.211777
39 1266.67 1 5.84506 30.474 929.668 0.274253 0.335923 -0.205015
40 1300 1 5.58859 30.6277 932.871 0.269525 0.331078 -0.201072
41 1333.33 1 5.16342 30.7443 935.283 0.265795 0.323342 -0.194352
42 1366.67 1 5.04011 30.8212 936.607 0.262982 0.32077 -0.189419
43 1400 1 5.55752 33.6901 954.462 0.257794 0.307638 -0.186016
44 1433.33 1 5.49322 34.0793 958.359 0.251215 0.304431 -0.184664
45 1466.67 1 5.36601 32.4102 943.815 0.256446 0.301583 -0.196524
46 1500 1 5.50575 32.0585 938.644 0.262646 0.304183 -0.202961
47 1533.33 1 5.8669 29.9034 928.027 0.254029 0.310953 -0.21269
48 1566.67 1 6.04381 29.6256 924.593 0.257144 0.313675 -0.217606
49 1600 1 6.26162 28.3583 923.878 0.258494 0.317054 -0.221811
50 1633.33 1 6.36907 28.2432 923.31 0.261654 0.316105 -0.225043
51 1666.67 1 6.81369 28.5379 924.858 0.268465 0.317454 -0.22478
52 1700 1 6.82659 28.5597 924.969 0.26973 0.31728 -0.224733
53 1733.33 1 6.9407 30.3302 928.91 0.281774 0.313837 -0.225077
54 1766.67 1 6.89504 30.4795 929.616 0.278458 0.312086 -0.224637
55 1800 1 6.85379 32.3629 930.629 0.286842 0.308666 -0.225181
56 1833.33 1 6.71669 32.5598 931.383 0.282498 0.308202 -0.224642
57 1866.67 1 5.5065 34.3914 927.525 0.305239 0.316441 -0.230614
58 1900 1 5.3844 34.6027 929.089 0.302342 0.315448 -0.230105
59 1933.33 1 4.98491 35.5985 931.336 0.313139 0.316578 -0.233002
60 1966.67 1 4.88147 35.6808 931.723 0.312146 0.316226 -0.233249
61 2000 1 4.90191 36.5634 937.567 0.311145 0.313571 -0.227295
62 2033.33 1 4.82981 36.6585 937.931 0.308989 0.311259 -0.225627
63 2066.67 1 5.28488 38.4979 938.03 0.324509 0.304615 -0.227724
64 2100 1 5.29055 38.5847 937.796 0.320365 0.304006 -0.228299
65 2133.33 1 5.50001 39.1207 947.617 0.316783 0.299929 -0.232935
66 2166.67 1 5.50769 39.1406 947.695 0.315411 0.300363 -0.233153
67 2200 1 5.878 39.3187 933.712 0.320931 0.294041 -0.24659
68 2233.33 1 5.9522 39.308 931.103 0.319762 0.290628 -0.251337
69 2266.67 1 5.48256 38.5939 927.223 0.302385 0.291106 -0.25305
70 2300 1 5.40384 38.6263 927.959 0.298686 0.290756 -0.251182
71 2333.33 1 5.17979 37.512 927.265 0.287817 0.294007 -0.252179
72 2366.67 1 5.15882 37.3902 926.788 0.287881 0.29415 -0.252334
73 2400 1 4.95576 36.2983 926.909 0.28 0.299251 -0.253278
74 2433.33 1 4.9357 36.2288 927.746 0.281493 0.299449 -0.252475
75 2466.67 1 5.09154 36.1924 944.377 0.255103 0.304174 -0.241032
76 2500 1 5.04271 36.2721 951.421 0.243277 0.306583 -0.236569
77 2533.33 1 4.29419 31.921 940.913 0.213318 0.317076 -0.236997
78 2566.67 1 4.22042 31.3583 940.721 0.221498 0.317497 -0.234507
79 2600 1 4.0426 26.3613 928.876 0.194618 0.330875 -0.225923
80 2633.33 1 4.10358 25.8739 929.266 0.208938 0.331001 -0.224756
81 2666.67 1 4.33764 22.1493 926.582 0.185111 0.340483 -0.218912
82 2700 1 4.30902 21.8711 927.814 0.192511 0.343503 -0.217441
83 2733.33 1 4.63257 18.6146 926.874 0.174026 0.348415 -0.206184
84 2766.67 1 4.69327 18.3879 927.61 0.179776 0.350042 -0.204614
85 2800 1 5.05865 16.4715 930.932 0.177591 0.350466 -0.19616
86 2833.33 1 5.10387 16.3287 931.928 0.182179 0.347702 -0.195938
87 2866.67 1 5.0761 14.1438 938.122 0.160369 0.350233 -0.192946
88 2900 1 5.05041 14.017 938.196 0.166846 0.350938 -0.194751
89 2933.33 1 5.72559 13.645 925.532 0.166795 0.349233 -0.192495
90 2966.67 1 5.83813 13.7153 922.231 0.169865 0.347168 -0.193363
91 3000 1 5.63781 13.8799 923.756 0.176391 0.353637 -0.195091
92 3033.33 1 5.71413 13.901 923.654 0.178467 0.355321 -0.196513
93 3066.67 1 5.78855 14.9956 926.163 0.191288 0.353857 -0.204287
94 3100 1 5.78645 15.0223 926.74 0.191439 0.35532 -0.205588
95 3133.33 1 5.68127 16.2955 919.259 0.201718 0.3497 -0.213405
96 3166.67 1 5.76094 16.4404 919.759 0.201922 0.348807 -0.213977
97 3200 1 5.5132 17.2806 916.136 0.199826 0.357815 -0.219114
98 3233.33 1 5.52946 17.3029 915.213 0.197772 0.359026 -0.220173
99 3266.67 1 5.47626 18.5564 914.857 0.209486 0.36276 -0.223371
100 3300 1 5.52281 18.7168 913.314 0.209603 0.361645 -0.223822
101 3333.33 1 5.41571 19.4611 914.085 0.221804 0.349384 -0.231734
102 3366.67 1 5.45829 19.5847 913.834 0.222946 0.345879 -0.234726
103 3400 1 5.74573 19.7084 922.14 0.223597 0.341587 -0.229572
104 3433.33 1 5.76629 19.6905 922.925 0.224583 0.340248 -0.228531
105 3466.67 1 6.77086 20.8239 932.009 0.229635 0.336045 -0.218852
106 3500 1 6.68869 20.9021 932.638 0.22822 0.335932 -0.216445
107 3533.33 1 7.13643 22.4276 939.814 0.226433 0.331109 -0.213198
108 3566.67 1 7.10964 22.5793 941.601 0.222587 0.33007 -0.212164
109 3600 1 7.71296 23.3604 942.895 0.221538 0.326399 -0.213413
110 3633.33 1 7.81725 23.4386 942.564 0.218934 0.327731 -0.215136
111 3666.67 1 8.01417 22.3966 938.827 0.225761 0.33695 -0.216983
112 3700 1 8.08343 22.2397 937.211 0.229691 0.337473 -0.219141
113 3733.33 1 8.8596 20.8386 948.213 0.215552 0.33561 -0.218201
114 3766.67 1 8.92043 20.7619 948.412 0.218205 0.337334 -0.218613
115 3800 1 9.35142 20.3744 937.163 0.226124 0.348447 -0.217066
116 3833.33 1 9.52294 20.2671 933.316 0.228354 0.350783 -0.218782
117 3866.67 1 10.3794 20.3221 930.427 0.228715 0.343155 -0.213863
118 3900 1 10.4863 20.2965 929.186 0.227967 0.344704 -0.214169
119 3933.33 1 11.6793 21.4635 925.365 0.23783 0.34579 -0.211734
120 3966.67 1 11.8212 21.4638 924.437 0.237862 0.345397 -0.2127
121 4000 1 12.8473 21.0858 935.922 0.224972 0.347279 -0.207889
122 4033.33 1 12.9061 21.0529 935.076 0.224086 0.348591 -0.207976
123 4066.67 1 13.9887 21.1916 928.872 0.233586 0.336249 -0.212708
124 4100 1 13.9766 21.1895 928.112 0.233382 0.340411 -0.217639
125 4133.33 1 14.9125 21.3927 926.101 0.231405 0.339594 -0.21623
126 4166.67 1 15.0715 21.447 923.416 0.230317 0.340557 -0.217206
127 4200 1 15.1852 21.5747 925.27 0.226961 0.335454 -0.21671
128 4233.33 1 15.2997 21.5957 925.099 0.227044 0.335158 -0.21695
129 4266.67 1 15.3552 22.2637 928.437 0.226438 0.340303 -0.217334
130 4300 1 15.3419 22.3142 929.61 0.222068 0.340952 -0.216615
131 4333.33 1 15.3139 22.9004 929.381 0.22166 0.34049 -0.220676
132 4366.67 1 15.2963 22.9677 929.323 0.218769 0.339902 -0.221498
133 4400 1 15.4237 23.6422 931.132 0.223695 0.336441 -0.227521
134 4433.33 1 15.4574 23.7696 931.062 0.223641 0.334501 -0.230399
135 4466.67 1 15.3028 24.2201 931.299 0.241672 0.328668 -0.225945
136 4500 1 15.2638 24.3345 932.362 0.241897 0.32604 -0.224162
137 4533.33 1 15.0839 24.171 935.233 0.241792 0.327047 -0.223143
138 4566.67 1 15.0446 24.1836 936.957 0.242407 0.325823 -0.221551
139 4600 1 15.047 23.7947 935.34 0.237369 0.327623 -0.223338
140 4633.33 1 15.0969 23.7085 933.978 0.237784 0.32956 -0.223657
141 4666.67 1 15.1817 22.4199 934.335 0.22208 0.332431 -0.217904
142 4700 1 15.142 22.3209 933.868 0.224257 0.332139 -0.216374
143 4733.33 1 15.5479 21.0175 936.464 0.210046 0.33329 -0.215947
144 4766.67 1 15.6445 20.9099 936.246 0.212751 0.333687 -0.217324
145 4800 1 15.9964 19.0328 934.625 0.196839 0.340463 -0.215514
146 4833.33 1 16.1406 18.8959 934.454 0.198716 0.341124 -0.217759
147 4866.67 1 16.6281 17.2391 934.455 0.194741 0.351583 -0.216696
148 4900 1 16.7246 17.0634 932.289 0.201866 0.353655 -0.219336
149 4933.33 1 16.4084 15.4622 930.993 0.188943 0.36189 -0.214449
150 4966.67 1 16.3897 15.3809 931.305 0.191453 0.363192 -0.214499
151 5000 1 17.4427 16.3243 934.446 0.182297 0.347832 -0.20262
152 5033.33 1 17.561 16.374 933.592 0.179817 0.346326 -0.20053
153 5066.67 1 17.1537 15.5184 926.668 0.188251 0.34786 -0.208662
154 5100 1 17.193 15.435 926.029 0.191742 0.346355 -0.212097
155 5133.33 1 16.8154 16.0391 930.454 0.195795 0.347992 -0.20954
156 5166.67 1 16.7159 16.0742 930.711 0.194538 0.346984 -0.207255
157 5200 1 16.1716 16.5361 936.006 0.203821 0.337347 -0.201371
158 5233.33 1 16.0905 16.5969 938.022 0.204932 0.334726 -0.198399
159 5266.67 1 15.9061 16.9496 936.858 0.21961 0.353958 -0.206697
160 5300 1 15.958 16.9191 935.941 0.220993 0.357878 -0.209887
161 5333.33 1 16.4464 17.0901 928.124 0.219361 0.364064 -0.222341
162 5366.67 1 16.5473 17.1566 926.748 0.215161 0.368017 -0.226573
163 5400 1 16.3797 17.565 929.025 0.217968 0.360726 -0.222416
164 5433.33 1 16.3516 17.584 929.616 0.21706 0.359407 -0.220389
165 5466.67 1 16.4282 18.7475 924.797 0.223803 0.344901 -0.22154
166 5500 1 16.4528 18.7997 924.196 0.220798 0.34354 -0.221761
167 5533.33 1 17.1756 20.5994 932.601 0.226091 0.335514 -0.221972
168 5566.67 1 17.2477 20.8173 933.26 0.221251 0.336809 -0.220522
169 5600 1 16.6645 21.3967 927.669 0.232536 0.336494 -0.224837
170 5633.33 1 16.6043 21.4494 927.43 0.232459 0.336776 -0.225528
171 5666.67 1 15.8286 22.2939 926.383 0.24417 0.351956 -0.223121
172 5700 1 15.6862 22.4303 929.01 0.241748 0.352133 -0.21911
173 5733.33 1 15.5944 22.6608 929.549 0.243733 0.35984 -0.218231
174 5766.67 1 15.5762 22.6752 929.741 0.244077 0.359543 -0.217679
175 5800 1 16.1273 23.4169 923.215 0.247917 0.351025 -0.218909
176 5833.33 1 16.2537 23.5023 923.124 0.246507 0.350575 -0.219536
177 5866.67 1 16.6077 24.2009 927.437 0.238072 0.349383 -0.225091
178 5900 1 16.6981 24.2043 927.65 0.232346 0.347348 -0.226441
179 5933.33 1 16.8961 24.1812 924.831 0.232162 0.349585 -0.228348
180 5966.67 1 16.8702 24.1683 924.533 0.230932 0.350352 -0.228362
181 6000 1 18.049 24.4646 925.684 0.251561 0.341029 -0.232765
182 6033.33 1 18.1326 24.4613 925.209 0.253539 0.33993 -0.234812
183 6066.67 1 18.8736 23.1546 934.367 0.243223 0.325252 -0.231254
184 6100 1 18.8991 23.0306 934.157 0.248819 0.324192 -0.230826
185 6133.33 1 18.2481 22.345 932.076 0.241014 0.331968 -0.225465
186 6166.67 1 18.0989 22.4173 933.398 0.239675 0.331938 -0.225775
187 6200 1 17.904 21.8002 933.684 0.227176 0.33239 -0.220202
188 6233.33 1 17.8734 21.7854 934.263 0.225878 0.332461 -0.218307
189 6266.67 1 17.5714 21.0769 938.855 0.219321 0.324055 -0.208272
190 6300 1 17.559 21.0782 941.297 0.220847 0.320987 -0.204992
191 6333.33 1 17.5355 20.5956 941.625 0.217448 0.320634 -0.202067
192 6366.67 1 17.5664 20.5502 941.66 0.218261 0.320582 -0.201364
193 6400 1 18.7831 21.3513 935.889 0.245339 0.316223 -0.215769
194 6433.33 1 18.9141 21.1877 932.197 0.248549 0.320448 -0.222329
195 6466.67 1 19.6032 22.4092 904.221 0.276259 0.319689 -0.246659
196 6500 1 19.8517 22.3374 899.257 0.277062 0.324991 -0.256588
197 6533.33 1 20.1419 23.0625 893.011 0.270141 0.328722 -0.25385
198 6566.67 1 20.1434 23.231 890.587 0.267964 0.328318 -0.255019
199 6600 1 20.8477 23.7307 891.644 0.274429 0.316249 -0.255081
200 6633.33 1 20.894 23.7831 890.565 0.272578 0.315565 -0.2554
201 6666.67 1 21.7494 23.8018 889.828 0.265086 0.30495 -0.249872
202 6700 1 21.8958 23.5864 887.359 0.260695 0.304721 -0.249458
203 6733.33 1 22.0301 23.3436 891.282 0.260006 0.310569 -0.247121
204 6766.67 1 22.053 23.3519 892.239 0.261154 0.311099 -0.245731
205 6800 1 21.5815 23.0422 901.133 0.2593 0.316309 -0.242572
206 6833.33 1 21.5355 23.0506 902.64 0.261339 0.316869 -0.240567
207 6866.67 1 21.0513 21.831 901.82 0.25082 0.320981 -0.235872
208 6900 1 21.0029 21.7111 901.315 0.251796 0.320588 -0.234642
209 6933.33 1 20.5701 20.7521 898.137 0.248394 0.322855 -0.234543
210 6966.67 1 20.5507 20.6864 898.117 0.248756 0.323025 -0.233633
211 7000 1 20.9555 18.1886 893.567 0.223257 0.323264 -0.22707
212 7033.33 1 21.0382 17.9277 891.753 0.22287 0.323031 -0.22749
213 7066.67 1 21.2298 14.9971 886.956 0.199309 0.325657 -0.214578
214 7100 1 21.201 14.8148 887.354 0.200451 0.32604 -0.213106
215 7133.33 1 22.6113 10.8843 884.072 0.173965 0.32091 -0.190698
216 7166.67 1 22.748 10.2609 886.322 0.166652 0.32715 -0.188825
217 7200 1 25.4475 5.80374 892.136 0.13607 0.295 -0.172154
218 7233.33 1 25.6678 5.26973 887.573 0.143602 0.295581 -0.177161
219 7266.67 1 30.7577 1.54856 906.331 0.125789 0.292485 -0.159446
220 7300 1 31.5526 1.54223 905.692 0.125155 0.311517 -0.164378
221 7333.33 1 36.8264 0.719775 938.689 0.086609 0.299975 -0.129544
222 7366.67 1 37.6568 1.04983 947.946 0.0739906 0.307323 -0.121312
223 7400 1 39.8604 -4.38231 925.734 0.0321607 0.304455 -0.10214
224 7433.33 1 40.2697 -4.95268 921.182 0.0401388 0.314722 -0.108672
225 7466.67 1 42.8243 -10.7791 908.336 0.0197741 0.314017 -0.0981201
226 7500 1 43.4211 -11.2518 902.416 0.0426785 0.325219 -0.114813
227 7533.33 1 46.5399 -17.782 899.189 0.0157312 0.341879 -0.099144
228 7566.67 1 46.9723 -18.2873 896.745 0.0356561 0.358197 -0.106698
229 7600 1 48.9295 -22.0752 889.849 0.0216869 0.359502 -0.0962785
230 7633.33 1 49.2289 -22.3774 886.455 0.0356472 0.354627 -0.103009
231 7666.67 1 50.8647 -21.6912 890.297 0.0429464 0.330126 -0.0956007
232 7700 1 50.991 -21.6894 890.296 0.0480319 0.324433 -0.0953386
233 7733.33 1 51.0966 -16.0499 888.85 0.0943585 0.312544 -0.102207
234 7766.67 1 51.1955 -15.7127 892.042 0.0863211 0.30933 -0.0986033
235 7800 1 50.626 -8.74489 886.582 0.124073 0.316377 -0.107659
236 7833.33 1 50.8024 -7.89885 889.533 0.107026 0.314819 -0.0979026
237 7866.67 1 51.0769 0.116312 887.88 0.136907 0.324853 -0.109715
238 7900 1 50.6426 1.56333 876.219 0.130305 0.331495 -0.103357
239 7933.33 1 50.9755 10.5871 870.343 0.169399 0.331123 -0.107254
240 7966.67 1 50.8936 11.9169 861.634 0.16907 0.32976 -0.104665
241 8000 1 50.9201 20.1584 851.782 0.213007 0.323419 -0.105884
242 8033.33 1 51.0646 20.852 852.818 0.199276 0.327024 -0.102341
243 8066.67 1 51.5146 26.0475 844.279 0.219315 0.330624 -0.113507
244 8100 1 51.5278 26.7041 840.791 0.201252 0.332819 -0.114794
245 8133.33 1 53.1635 27.4835 835.372 0.218253 0.326214 -0.128068
246 8166.67 1 53.4006 27.7274 833.547 0.207759 0.327247 -0.130586
247 8200 1 51.6042 28.6055 829.127 0.186971 0.323965 -0.116429
248 8233.33 1 51.3101 28.8836 827.406 0.168492 0.322075 -0.111791
249 8266.67 1 49.2938 31.5648 836.573 0.189295 0.322448 -0.104576
250 8300 1 48.8488 32.1544 837.924 0.196645 0.31717 -0.0970496
251 8333.33 1 46.7805 36.2174 837.363 0.226412 0.302472 -0.104646
252 8366.67 1 46.2824 36.6949 834.224 0.221343 0.295881 -0.100027
253 8400 1 45.4323 42.3983 840.135 0.279713 0.292869 -0.115166
254 8433.33 1 45.4457 42.9362 841.576 0.267613 0.294444 -0.114823
255 8466.67 1 44.9604 48.0679 844.017 0.337342 0.286603 -0.130154
256 8500 1 45.0226 48.5661 844.745 0.327017 0.291407 -0.12954
257 8533.33 1 45.2444 51.9595 851.05 0.347201 0.283232 -0.132826
258 8566.67 1 45.2699 52.2841 850.688 0.336377 0.28529 -0.133631
259 8600 1 44.1937 52.6484 838.276 0.319155 0.279948 -0.125005
260 8633.33 1 43.7689 52.9532 832.464 0.302222 0.275994 -0.120817
261 8666.67 1 43.2001 51.5088 833.629 0.278876 0.26824 -0.116823
262 8700 1 43.1253 51.5561 835.013 0.280131 0.266293 -0.114898
263 8733.33 1 42.9066 47.8664 831.287 0.258441 0.265531 -0.112222
264 8766.67 1 42.8898 47.2935 830.146 0.264932 0.266884 -0.110198
265 8800 1 42.2511 43.3342 827.252 0.248396 0.267973 -0.107648
266 8833.33 1 42.1641 42.8002 826.806 0.25595 0.271235 -0.105554
267 8866.67 1 41.7354 39.8058 827.978 0.236104 0.269407 -0.105059
268 8900 1 41.7361 39.3228 829.544 0.238711 0.270869 -0.102736
269 8933.33 1 41.8496 38.7219 832.506 0.234405 0.267515 -0.102022
270 8966.67 1 42.0026 38.6257 834.835 0.233102 0.266497 -0.10114
271 9000 1 41.4496 40.1199 839.011 0.2522 0.264271 -0.0972342
272 9033.33 1 41.4031 40.3223 841.475 0.251249 0.261204 -0.0932224
273 9066.67 1 40.8629 42.6705 844.402 0.276091 0.25329 -0.0968418
274 9100 1 40.8164 42.9651 845.929 0.276196 0.251571 -0.0967877
275 9133.33 1 40.6079 45.1751 843.559 0.292683 0.248939 -0.0978141
276 9166.67 1 40.5933 45.4556 843.073 0.289767 0.24908 -0.0987199
277 9200 1 40.745 47.6208 842.906 0.29982 0.243939 -0.0991645
278 9233.33 1 40.6146 48.035 842.304 0.299395 0.243806 -0.0991681
279 9266.67 1 40.6856 50.9936 845.256 0.307188 0.243547 -0.0980629
280 9300 1 40.5758 51.4636 845.429 0.300857 0.244015 -0.0983541
281 9333.33 1 40.3593 53.223 843.114 0.306518 0.244939 -0.0945386
282 9366.67 1 40.3015 53.5247 842.505 0.303525 0.245438 -0.0949133
283 9400 1 39.5756 54.7983 841.853 0.311159 0.248466 -0.0968707
284 9433.33 1 39.5293 55.0285 842.325 0.308095 0.247784 -0.0958008
285 9466.67 1 39.5512 55.2384 843.636 0.308319 0.248558 -0.0986781
286 9500 1 39.5941 55.2538 843.641 0.307978 0.248218 -0.100234
287 9533.33 1 39.5339 55.0038 842.116 0.306954 0.248565 -0.105681
288 9566.67 1 39.5868 55.0486 842.425 0.306831 0.24879 -0.107041
289 9600 1 39.5749 53.0799 841.117 0.292901 0.25429 -0.104146
290 9633.33 1 39.5748 52.8395 839.742 0.295457 0.25518 -0.104092
291 9666.67 1 39.7547 50.8856 837.99 0.28202 0.2605 -0.102718
292 9700 1 39.6862 50.5942 836.257 0.285816 0.261577 -0.103299
293 9733.33 1 39.6382 48.003 832.017 0.26769 0.2681 -0.100472
294 9766.67 1 39.5912 47.7123 831.365 0.269711 0.27008 -0.0993992
295 9800 1 39.5146 47.64 831.239 0.269639 0.271009 -0.103084
296 9833.33 1 39.533 47.6372 831.502 0.268766 0.27085 -0.103105
297 9866.67 1 39.5636 49.4434 830.132 0.294557 0.269606 -0.113436
298 9900 1 39.683 49.6596 831.084 0.29157 0.270198 -0.115119
299 9933.33 1 39.7885 52.1629 831.192 0.299867 0.27139 -0.119874
300 9966.67 1 39.8623 52.5209 833.565 0.295277 0.272555 -0.121498
301 10000 1 40.1724 54.6856 839.311 0.303308 0.267332 -0.120505
302 10033.3 1 40.2729 54.9439 840.421 0.295819 0.26711 -0.118494
303 10066.7 1 40.1604 55.921 830.395 0.308565 0.260035 -0.118567
304 10100 1 40.2601 56.1169 830.45 0.303646 0.263044 -0.119262
305 10133.3 1 41.3247 56.0183 828.539 0.288715 0.258572 -0.116562
306 10166.7 1 41.54 56.0065 827.211 0.283333 0.259207 -0.116295
307 10200 1 42.9958 55.975 834.139 0.28457 0.258233 -0.119619
308 10233.3 1 43.1859 55.9394 835.017 0.284364 0.259378 -0.121741
309 10266.7 1 45.6146 52.5151 841.218 0.279913 0.243707 -0.118784
310 10300 1 45.7524 51.7718 837.926 0.288741 0.244669 -0.121831
311 10333.3 1 50.8825 45.5441 853.442 0.268015 0.251727 -0.122588
312 10366.7 1 50.8323 43.365 843.737 0.285415 0.26828 -0.119166
313 10400 1 58.4818 39.3532 881.144 0.233148 0.267024 -0.114195
314 10433.3 1 59.2958 34.6591 873.097 0.199245 0.255603 -0.128696
315 10466.7 1 63.2454 14.3434 843.633 0.200199 0.192739 -0.070284
316 10500 1 63.6503 13.5514 830.648 0.191853 0.244341 -0.0648974
317 10533.3 1 69.1067 7.51066 834.77 0.124477 0.201993 -0.0536766
318 10566.7 1 71.2644 1.68726 826.753 0.0984088 0.209468 -0.0404888
319 10600 1 75.9486 -5.77365 816.113 0.0102654 0.0937883 -0.0291375
320 10633.3 1 77.8288 -9.51984 820.736 -0.00475388 0.0422407 -0.0117011
321 10666.7 1 95.4133 -23.6812 861.918 0.0317555 0.218614 3.46574e-005
322 10700 1 94.7726 -23.0231 851.398 0.0200343 0.230806 -0.00195995
323 10733.3 1 104.518 -27.6845 869.152 -0.069951 0.205564 0.0131477
324 10766.7 1 106.103 -27.5301 866.586 -0.0742686 0.214051 0.00951116
325 10800 1 116.433 -29.9807 887.479 -0.122186 0.194175 0.0211021
326 10833.3 1 117.731 -29.8055 885.455 -0.127435 0.206369 0.0233834
327 10866.7 1 128.63 -31.6258 911.918 -0.117773 0.190947 0.0453027
328 10900 1 129.383 -31.9714 912.654 -0.105159 0.202532 0.0542424
329 10933.3 1 141.563 -33.393 945.774 -0.0985743 0.17938 0.0785213
330 10966.7 1 141.809 -33.3276 941.696 -0.0949016 0.18944 0.0849254
