1 0 1 100.198 -57.052 955.908 0.0264129 0.182559 0.0125398
2 33.3333 1 100.536 -55.2846 943.168 0.0330011 0.219831 0.0380948
3 66.6667 1 100.683 -53.3785 932.809 0.0210805 0.242497 0.0691959
4 100 1 101.459 -51.312 924.041 0.00672242 0.252772 0.100701
5 133.333 1 103.613 -49.7999 923.101 0.00119945 0.254834 0.128111
6 166.667 1 106.033 -48.0795 922.351 -0.00126889 0.249633 0.153482
7 200 1 109.101 -46.2914 922.608 0.0108079 0.241955 0.175106
8 233.333 1 112.078 -44.5618 921.688 0.0240712 0.232482 0.195667
9 266.667 1 115.726 -43.0176 924.914 0.037556 0.225921 0.214233
10 300 1 118.647 -41.3853 922.681 0.0441315 0.221259 0.226535
11 333.333 1 121.62 -40.3066 922.973 0.0528335 0.212939 0.23456
12 366.667 1 124.188 -39.4359 924.077 0.0569873 0.211665 0.243366
13 400 1 126.446 -39.0332 925.07 0.0574517 0.205091 0.248503
14 433.333 1 128.029 -38.8982 925.314 0.0575962 0.19922 0.250455
15 466.667 1 129.301 -38.7918 925.431 0.0576089 0.196364 0.253208
16 500 1 130.123 -38.8183 925.572 0.0573195 0.196437 0.254681
17 533.333 1 130.81 -38.9506 925.497 0.0581984 0.19421 0.260201
18 566.667 1 130.725 -38.9732 924.772 0.0610057 0.194121 0.261309
19 600 1 131.213 -38.9879 925.494 0.0592529 0.190688 0.264608
20 633.333 1 130.988 -39.0065 924.366 0.0599309 0.190623 0.265052
21 666.667 1 131.131 -39.1282 924.754 0.060216 0.190193 0.265201
22 700 1 131.109 -39.2749 924.517 0.0583726 0.190134 0.264952
23 733.333 1 131.235 -39.7652 924.303 0.0524222 0.188085 0.265047
24 766.667 1 131.644 -39.9726 926.301 0.0500734 0.188191 0.267565
25 800 1 131.572 -40.1124 925.8 0.0510139 0.188648 0.266631
26 833.333 1 131.506 -40.1549 925.382 0.0518162 0.190725 0.266637
27 866.667 1 131.632 -40.2089 925.618 0.0511671 0.187672 0.26617
28 900 1 131.602 -40.2082 925.488 0.0524635 0.187627 0.266349
29 933.333 1 131.977 -40.2411 926.264 0.0522524 0.185966 0.268854
30 966.667 1 132.424 -40.0744 929.298 0.0511794 0.183002 0.266229
31 1000 1 132.809 -40.106 930.093 0.0496789 0.182881 0.264497
32 1033.33 1 132.771 -40.0954 928.74 0.0465961 0.182111 0.265896
33 1066.67 1 132.841 -40.0729 929.314 0.0460937 0.18161 0.265565
34 1100 1 133.099 -40.292 929.831 0.0433367 0.182106 0.265367
35 1133.33 1 133.065 -40.4142 928.636 0.0406205 0.180733 0.263572
36 1166.67 1 132.886 -40.5225 927.554 0.0394022 0.182205 0.262642
37 1200 1 132.499 -40.5725 926.185 0.0388466 0.186074 0.263179
38 1233.33 1 132.133 -40.6507 925.028 0.0413449 0.187272 0.263778
39 1266.67 1 131.084 -40.174 918.289 0.0412561 0.187098 0.267171
40 1300 1 130.221 -39.7524 913.388 0.0437962 0.188331 0.2687
41 1333.33 1 130.524 -39.8474 912.92 0.0313306 0.180927 0.26683
42 1366.67 1 130.103 -39.6576 909.407 0.0316914 0.180759 0.266543
43 1400 1 129.696 -39.7638 907.976 0.0322406 0.181285 0.263147
44 1433.33 1 129.507 -40.0058 907.356 0.0300018 0.182308 0.262281
45 1466.67 1 129.057 -40.2594 904.32 0.0314291 0.180342 0.260566
46 1500 1 129.068 -40.6566 904.06 0.0255314 0.178952 0.259323
47 1533.33 1 129.09 -41.1676 904.173 0.0296813 0.178073 0.255868
48 1566.67 1 128.512 -41.4286 901.536 0.0274701 0.174194 0.255875
49 1600 1 127.687 -41.6541 899.293 0.0282775 0.176027 0.252693
50 1633.33 1 126.744 -42.013 896.052 0.0246634 0.175935 0.251657
51 1666.67 1 124.941 -41.9237 887.251 0.0257108 0.172043 0.248982
52 1700 1 123.193 -41.9917 878.707 0.0207768 0.16697 0.240627
53 1733.33 1 121.344 -42.5277 869.334 0.0168562 0.15268 0.227072
54 1766.67 1 117.27 -43.0197 849.043 0.0147259 0.14106 0.189587
55 1800 1 117.503 -45.9036 858.012 0.00562354 0.141913 0.163059
56 1833.33 1 118.633 -49.3557 875.449 -0.0175577 0.14157 0.139801
57 1866.67 1 119.238 -52.1058 889.211 -0.0313143 0.142876 0.120488
58 1900 1 119.481 -53.7456 895.019 -0.0218409 0.13428 0.102883
59 1933.33 1 119.944 -55.3122 900.123 -0.01498 0.125822 0.0857955
60 1966.67 1 119.341 -56.7077 900.343 -0.0157399 0.121738 0.0713357
61 2000 1 117.646 -58.3455 899.676 -0.0289199 0.113487 0.0571113
62 2033.33 1 115.961 -59.7451 900.494 -0.033903 0.119995 0.0425407
63 2066.67 1 113.822 -60.8127 899.258 -0.0264597 0.127554 0.0323014
64 2100 1 111.981 -60.8705 895.632 -0.0236606 0.126362 0.0225376
65 2133.33 1 110.284 -59.9689 887.325 -0.0332793 0.1238 0.0169743
66 2166.67 1 108.125 -57.6362 870.581 -0.0477666 0.123111 0.0144919
67 2200 1 107.169 -56.3492 861.428 -0.0481045 0.113759 0.0137741
68 2233.33 1 108.373 -57.1534 867.664 -0.0521712 0.0984825 0.014179
69 2266.67 1 110.424 -58.5112 877.211 -0.0441625 0.0831264 0.0163524
70 2300 1 111.451 -59.2604 883.444 -0.0230435 0.0715449 0.0214165
71 2333.33 1 111.431 -59.2526 889.505 -0.0130532 0.0683041 0.0209729
72 2366.67 1 109.875 -58.0271 897.322 -0.0161371 0.0801109 0.0129466
73 2400 1 104.396 -55.2133 892.524 -0.0200971 0.110375 -0.000712004
74 2433.33 1 96.1413 -52.0308 870.675 -0.0144367 0.140348 -0.0259242
75 2466.67 1 88.7551 -50.7492 859.639 -0.00490387 0.187949 -0.0492204
76 2500 1 81.8535 -50.0069 857.035 -0.00985771 0.219664 -0.050314
77 2533.33 1 75.1798 -48.7627 852.523 -0.0071931 0.254599 -0.0658955
78 2566.67 1 70.1101 -47.695 853.487 0.00839628 0.280818 -0.0842019
79 2600 1 66.5797 -46.4218 854.885 0.0313596 0.298265 -0.109229
80 2633.33 1 64.8229 -45.6281 862.623 0.0557927 0.307493 -0.131709
81 2666.67 1 63.7964 -44.9365 869.921 0.0839493 0.306092 -0.152214
82 2700 1 63.0309 -44.6928 877.635 0.0993903 0.300434 -0.177069
83 2733.33 1 61.9963 -44.6331 883.636 0.112211 0.30549 -0.196507
84 2766.67 1 61.1074 -44.8748 890.642 0.114136 0.318492 -0.209074
85 2800 1 60.2835 -45.2379 898.09 0.122218 0.317014 -0.232625
86 2833.33 1 59.4699 -45.0953 901.077 0.13073 0.310443 -0.250202
87 2866.67 1 57.7759 -44.7029 898.221 0.137799 0.312466 -0.265047
88 2900 1 56.7837 -44.8624 898.724 0.137803 0.311396 -0.280812
89 2933.33 1 56.2897 -45.3184 901.693 0.132413 0.312908 -0.290882
90 2966.67 1 55.9179 -46.2192 904.61 0.119691 0.316627 -0.300472
91 3000 1 55.9028 -46.6013 904.286 0.109188 0.323919 -0.287759
92 3033.33 1 55.5726 -46.6589 897.918 0.097909 0.336339 -0.268355
93 3066.67 1 56.2269 -46.8292 890.505 0.0777283 0.350067 -0.247431
94 3100 1 57.3775 -46.4904 876.345 0.0656952 0.346543 -0.226946
95 3133.33 1 58.4292 -46.8411 867.618 0.0444689 0.345589 -0.204593
96 3166.67 1 61.8183 -49.85 882.706 0.0108013 0.319253 -0.202434
97 3200 1 62.542 -53.0045 901.133 0.00752081 0.329698 -0.19802
98 3233.33 1 61.1769 -55.6147 915.416 0.0132614 0.342892 -0.189817
99 3266.67 1 58.8166 -56.722 918.848 0.014098 0.345799 -0.18762
100 3300 1 55.7421 -55.5469 911.242 0.0130442 0.352599 -0.188511
101 3333.33 1 52.4748 -52.1201 896.245 0.0366869 0.356913 -0.207566
102 3366.67 1 49.9961 -50.2024 896.258 0.0619933 0.363114 -0.223756
103 3400 1 48.1127 -48.7966 902.383 0.0652891 0.372744 -0.229247
104 3433.33 1 47.6599 -46.5371 903.345 0.0750292 0.367947 -0.244633
105 3466.67 1 47.3918 -42.904 887.853 0.0923414 0.366605 -0.262893
106 3500 1 47.7827 -40.4399 874.81 0.0978772 0.364031 -0.260882
107 3533.33 1 49.3044 -40.1403 873.551 0.0608425 0.373378 -0.249488
108 3566.67 1 51.8647 -40.1847 877.528 0.0538835 0.370413 -0.234073
109 3600 1 56.0755 -40.4172 882.751 0.0723548 0.340741 -0.233511
110 3633.33 1 60.121 -41.6591 892.916 0.0794315 0.336213 -0.22737
111 3666.67 1 63.3489 -42.7814 899.461 0.0718485 0.335155 -0.216028
112 3700 1 65.9808 -43.8829 905.41 0.06204 0.335597 -0.205781
113 3733.33 1 67.6399 -43.7004 901.233 0.0647423 0.330544 -0.200499
114 3766.67 1 68.3746 -42.4476 885.916 0.0610072 0.326359 -0.196553
115 3800 1 69.5239 -41.6769 879.804 0.0466901 0.32487 -0.198245
116 3833.33 1 70.66 -40.5221 878.756 0.0551433 0.322706 -0.201425
117 3866.67 1 71.774 -39.597 881.806 0.0813894 0.311381 -0.203055
118 3900 1 72.7153 -39.9166 893.868 0.0856476 0.316985 -0.199975
119 3933.33 1 73.099 -40.5788 900.717 0.0747133 0.317496 -0.18987
120 3966.67 1 74.5557 -41.1904 906.54 0.0661432 0.313055 -0.179097
121 4000 1 76.9769 -41.8169 912.935 0.0633921 0.306478 -0.176111
122 4033.33 1 79.5884 -42.3466 917.547 0.0653166 0.293314 -0.180279
123 4066.67 1 80.3452 -42.5266 916.365 0.0726328 0.288355 -0.185044
124 4100 1 78.9079 -42.5382 914.223 0.0835131 0.291051 -0.189287
125 4133.33 1 75.471 -42.1018 907.385 0.0866172 0.30153 -0.187481
126 4166.67 1 73.8816 -41.8422 909.734 0.0770969 0.317506 -0.179595
127 4200 1 75.2012 -41.2713 918.671 0.0706456 0.320965 -0.177438
128 4233.33 1 78.378 -40.4884 919.181 0.0662505 0.313231 -0.171772
129 4266.67 1 80.1432 -40.7111 908.319 0.0631023 0.296554 -0.173372
130 4300 1 80.6452 -41.9185 902.589 0.0562408 0.287415 -0.183319
131 4333.33 1 80.1265 -43.4212 900.441 0.0478413 0.287732 -0.1819
132 4366.67 1 79.4614 -45.5088 906.037 0.0448808 0.293137 -0.180432
133 4400 1 77.9215 -47.1179 910.806 0.0391626 0.305761 -0.176132
134 4433.33 1 76.6954 -48.6876 915.8 0.0314485 0.318919 -0.166743
135 4466.67 1 75.3291 -50.2093 918.077 0.0202322 0.324772 -0.15968
136 4500 1 73.7644 -51.1706 916.883 0.0175751 0.324897 -0.150622
137 4533.33 1 71.6643 -51.5022 911.283 0.0199216 0.332111 -0.139037
138 4566.67 1 69.6843 -51.5519 907.446 0.0111845 0.351776 -0.128539
139 4600 1 67.8785 -50.5295 898.615 0.0261332 0.362941 -0.124038
140 4633.33 1 66.17 -48.5646 895.892 0.0454314 0.375437 -0.123392
141 4666.67 1 64.1955 -45.3895 892.416 0.0637065 0.394601 -0.125221
142 4700 1 61.7342 -41.2508 880.16 0.097362 0.417151 -0.127312
143 4733.33 1 59.0752 -37.6362 859.76 0.105073 0.446285 -0.121333
144 4766.67 1 57.6038 -36.4797 848.664 0.0954883 0.461732 -0.108811
145 4800 1 59.348 -38.2752 855.987 0.0736895 0.452858 -0.0909548
146 4833.33 1 65.0048 -42.4639 883.319 0.0349805 0.446029 -0.065459
147 4866.67 1 69.519 -45.606 899.266 0.0215767 0.420819 -0.046516
148 4900 1 72.6289 -45.5923 900.323 0.0217766 0.396208 -0.0232674
149 4933.33 1 75.8146 -42.0761 896.86 0.0517598 0.383269 0.000679102
150 4966.67 1 77.9854 -36.4798 887.562 0.0842708 0.375673 0.0176852
151 5000 1 80.4823 -31.304 883.774 0.109604 0.348898 0.0281844
152 5033.33 1 82.9033 -27.994 882.512 0.108714 0.330633 0.0286135
153 5066.67 1 84.6769 -26.0987 879.396 0.116213 0.327539 0.0249222
154 5100 1 85.9059 -25.1811 876.121 0.115319 0.325856 0.0200313
155 5133.33 1 86.5461 -25.1906 875.408 0.111531 0.326311 0.0227561
156 5166.67 1 87.8473 -25.7627 882.171 0.113164 0.322386 0.028253
157 5200 1 87.5168 -26.1058 880.404 0.126929 0.331855 0.0401651
158 5233.33 1 88.5816 -28.1131 886.06 0.121873 0.327343 0.0484897
159 5266.67 1 89.3196 -30.1419 884.713 0.122369 0.31713 0.0498517
160 5300 1 89.2784 -30.656 878.167 0.124706 0.312856 0.0581846
161 5333.33 1 91.4743 -30.7631 882.906 0.118619 0.294318 0.0584603
162 5366.67 1 93.8451 -31.1687 889.865 0.10951 0.283592 0.0513405
163 5400 1 94.8616 -33.7085 889.269 0.0886366 0.277383 0.0485703
164 5433.33 1 94.9892 -38.4327 887.619 0.0584755 0.26838 0.0491403
165 5466.67 1 95.1724 -42.6513 886.618 0.0423752 0.267772 0.0560715
166 5500 1 94.4382 -45.0518 883.343 0.0342279 0.26763 0.0550045
167 5533.33 1 92.9067 -46.0875 875.819 0.0216615 0.261165 0.0500019
168 5566.67 1 91.5751 -47.729 875.689 -0.00797537 0.26128 0.0404354
169 5600 1 88.9123 -48.7385 871.894 -0.0263544 0.268048 0.0336761
170 5633.33 1 86.0181 -50.0337 873.806 -0.0358164 0.274164 0.0205433
171 5666.67 1 83.354 -52.6514 884.089 -0.0416511 0.281692 0.000326973
172 5700 1 80.1428 -57.3853 902.697 -0.0495262 0.309655 -0.00379848
173 5733.33 1 76.9877 -60.8777 912.218 -0.0567977 0.319087 -0.0132392
174 5766.67 1 73.8097 -61.9121 913.973 -0.0308185 0.321872 -0.0425846
175 5800 1 70.4888 -60.3295 907.521 0.00569198 0.31927 -0.0733115
176 5833.33 1 68.6971 -59.0486 907.903 0.0176542 0.313158 -0.104981
177 5866.67 1 67.9874 -57.2186 907.773 0.0247975 0.313584 -0.132686
178 5900 1 67.7753 -55.3509 910.844 0.0362337 0.310236 -0.160758
179 5933.33 1 67.7165 -53.9453 916.086 0.0465882 0.313073 -0.179769
180 5966.67 1 67.2328 -52.3609 920.759 0.0566168 0.318537 -0.196283
181 6000 1 67.2139 -49.7779 918.836 0.0679695 0.321512 -0.211308
182 6033.33 1 67.9617 -46.8455 910.638 0.0859713 0.316895 -0.226449
183 6066.67 1 68.4629 -44.709 898.622 0.0902883 0.316237 -0.232165
184 6100 1 69.0746 -44.6521 894.85 0.0811796 0.315423 -0.222348
185 6133.33 1 68.8809 -45.6742 893.642 0.0573303 0.326322 -0.210473
186 6166.67 1 68.8958 -47.3713 900.427 0.0485666 0.336767 -0.205306
187 6200 1 69.1264 -48.1115 903.726 0.0419948 0.331815 -0.195399
188 6233.33 1 68.9966 -47.4738 898.994 0.0503607 0.331218 -0.18404
189 6266.67 1 69.1191 -46.1725 895.143 0.0552555 0.33648 -0.174822
190 6300 1 68.9175 -44.7413 885.651 0.0587544 0.330161 -0.178409
191 6333.33 1 68.5912 -44.1882 881.672 0.0534183 0.328426 -0.176897
192 6366.67 1 67.6258 -44.8994 881.925 0.0472841 0.343647 -0.162344
193 6400 1 67.7468 -46.7941 889.119 0.0379791 0.348722 -0.152696
194 6433.33 1 67.8318 -47.7911 890.112 0.0325128 0.342014 -0.150388
195 6466.67 1 67.4964 -47.6743 886.83 0.032237 0.342853 -0.151536
196 6500 1 67.2892 -46.4004 883.414 0.0437052 0.343915 -0.157079
197 6533.33 1 68.0029 -44.1226 881.313 0.0678869 0.325114 -0.172343
198 6566.67 1 70.2743 -41.8174 888.731 0.0842782 0.303055 -0.198302
199 6600 1 71.2213 -40.059 893.941 0.101145 0.300477 -0.211222
200 6633.33 1 71.177 -41.5216 906.311 0.0860419 0.317101 -0.200916
201 6666.67 1 70.6771 -44.6587 912.07 0.0518492 0.328319 -0.181265
202 6700 1 70.2812 -46.8287 905.726 0.0439603 0.332057 -0.168309
203 6733.33 1 70.8633 -47.7468 902.601 0.0420057 0.327591 -0.162087
204 6766.67 1 71.8825 -47.08 905.282 0.0587749 0.318401 -0.164453
205 6800 1 72.3771 -45.3153 904.49 0.0785846 0.312207 -0.170122
206 6833.33 1 72.7849 -44.8217 905.755 0.0772281 0.310969 -0.175766
207 6866.67 1 72.7547 -45.2162 904.169 0.0632735 0.314475 -0.172505
208 6900 1 73.1878 -46.2055 902.694 0.0533847 0.309593 -0.170509
209 6933.33 1 74.4556 -47.4949 905.946 0.0523658 0.304012 -0.171622
210 6966.67 1 75.5607 -47.7723 908.465 0.0526195 0.297149 -0.172778
211 7000 1 76.8439 -47.7821 911.331 0.0612294 0.293832 -0.174467
212 7033.33 1 77.5339 -48.4328 914.115 0.0514135 0.297347 -0.169118
213 7066.67 1 78.0127 -49.8272 913.173 0.0400137 0.293575 -0.164101
214 7100 1 78.4868 -50.6141 911.292 0.0365862 0.29208 -0.163782
215 7133.33 1 78.8884 -50.585 908.489 0.0393673 0.288953 -0.162941
216 7166.67 1 79.6926 -49.9081 906.515 0.0479393 0.286227 -0.166245
217 7200 1 80.1664 -49.5632 907.526 0.0498102 0.290012 -0.166852
218 7233.33 1 80.624 -50.0123 912.598 0.0492507 0.29948 -0.165297
219 7266.67 1 81.256 -51.1276 917.217 0.0461482 0.30926 -0.15858
220 7300 1 81.7303 -51.9347 917.923 0.0434047 0.312708 -0.15146
221 7333.33 1 82.0705 -51.8847 915.758 0.054737 0.315453 -0.149804
222 7366.67 1 81.9338 -51.3142 912.327 0.0753264 0.312281 -0.149304
223 7400 1 82.9676 -51.7304 917.301 0.0786334 0.304775 -0.150691
224 7433.33 1 83.2359 -52.5134 921.473 0.0671836 0.305814 -0.148189
225 7466.67 1 84.432 -53.6119 927.945 0.0569114 0.30527 -0.150135
226 7500 1 84.7878 -54.3055 928.352 0.0459237 0.303866 -0.146423
227 7533.33 1 85.1115 -54.4446 928.926 0.0429472 0.304165 -0.147741
228 7566.67 1 85.342 -54.4414 928.969 0.0415284 0.300136 -0.148295
229 7600 1 85.4622 -54.4845 928.965 0.0447169 0.300691 -0.148598
230 7633.33 1 85.6568 -54.3799 927.224 0.0400395 0.297303 -0.146487
231 7666.67 1 85.8044 -54.4956 925.242 0.0325185 0.291931 -0.144398
