1 0 1 0.215062 23.4303 690.742 0.129614 -0.054353 -0.0303256
2 33.3333 1 -2.13712 15.1419 679.852 0.0863939 -0.0324053 -0.0283834
3 66.6667 1 -2.43628 14.6201 679.262 0.0840735 -0.0310809 -0.0289154
4 100 1 -3.20207 7.37725 677.785 0.0297358 -0.0235259 -0.0266748
5 133.333 1 -3.37849 5.13461 680.761 0.00874089 -0.0268226 -0.0265391
6 166.667 1 -2.92472 3.65498 678.174 -0.00946941 -0.0275303 -0.0339579
7 200 1 -2.6095 0.322319 686.678 -0.0403807 -0.0299065 -0.0400799
8 233.333 1 -2.74423 -1.70421 691.067 -0.0581334 -0.0290766 -0.0429836
9 266.667 1 -2.51381 -3.6128 693.961 -0.0704468 -0.0358543 -0.0487078
10 300 1 -2.45563 -3.64897 694.495 -0.0606358 -0.0366611 -0.0500047
11 333.333 1 -2.3685 -5.06381 698.988 -0.056836 -0.0314926 -0.0514321
12 366.667 1 -2.25489 -4.59725 696.148 -0.0391824 -0.0312263 -0.0520263
13 400 1 -2.18229 -4.70335 695.964 -0.0367041 -0.0320444 -0.0526152
14 433.333 1 -2.06863 -4.03289 692.532 -0.026163 -0.0294029 -0.0518227
15 466.667 1 -1.62461 -3.72696 691.784 -0.0288709 -0.0258284 -0.047917
16 500 1 -1.53049 -3.14218 684.752 -0.0432351 -0.0242311 -0.0401675
17 533.333 1 -1.71707 -1.52626 669.184 -0.0466078 -0.0208602 -0.0308494
18 566.667 1 -1.85967 -0.523659 666.053 -0.0448925 -0.0174596 -0.0307336
19 600 1 -1.93162 -0.0674931 665.257 -0.0489242 -0.0179931 -0.0309484
20 633.333 1 -1.91318 -0.0131363 665.422 -0.0513349 -0.0189715 -0.0309787
21 666.667 1 -2.68392 1.48144 666.51 -0.0534273 -0.0189971 -0.029451
22 700 1 -2.57256 1.77814 668.865 -0.0590828 -0.0236949 -0.0277408
23 733.333 1 -3.33365 0.5623 672.569 -0.0424953 -0.0252357 -0.0225574
24 766.667 1 -3.77992 2.5828 674.51 0.0050277 -0.0241533 -0.0204901
25 800 1 -3.75359 7.5527 674.131 0.0860716 -0.023029 -0.0185117
26 833.333 1 -2.75677 17.7915 678.897 0.218695 -0.0238663 -0.0130838
27 866.667 1 -2.5247 20.5848 686.124 0.248275 -0.0145862 -0.00886056
28 900 1 -2.42584 20.1226 681.682 0.251803 -0.00909047 -0.000945892
29 933.333 1 -2.31212 20.0998 682.087 0.251442 -0.00801865 -0.00121103
30 966.667 1 -2.49026 19.6209 681.804 0.218382 0.0110723 -0.000764853
31 1000 1 -2.56165 17.7687 668.311 0.14418 0.0110544 0.000510683
32 1033.33 1 -2.57157 18.0014 663.932 0.130402 0.00796745 0.00176983
33 1066.67 1 0.890013 15.3235 654.812 0.0396872 -0.0124161 0.00373245
34 1100 1 5.57729 15.4366 653.949 0.00914007 -0.0500597 0.00108181
35 1133.33 1 13.1509 14.8836 646.046 -0.0221009 -0.113201 -0.00350002
36 1166.67 1 20.8876 11.5838 628.747 -0.0990425 -0.126586 0.00460004
37 1200 1 26.2546 10.7895 635.394 -0.085198 -0.220074 -0.0256545
38 1233.33 1 28.7199 8.61185 654.295 -0.0906753 -0.261052 -0.0905076
39 1266.67 1 31.2705 7.56763 668.417 -0.0819181 -0.264089 -0.136878
40 1300 1 23.326 8.47553 678.339 -0.0861988 -0.210839 -0.153181
41 1333.33 1 15.7622 10.7833 683.628 -0.0289727 -0.21219 -0.145289
42 1366.67 1 9.23903 11.2708 681.273 -0.0178678 -0.0952822 -0.125424
43 1400 1 1.83248 11.9787 679.788 -0.0167105 -0.105514 -0.0999508
44 1433.33 1 -4.70489 12.5124 675.378 -0.0270481 -0.0655681 -0.077869
45 1466.67 1 -10.6407 13.7179 670.267 0.0148005 0.0650047 -0.0501041
46 1500 1 -9.24679 13.4812 673.992 0.0123416 0.0566958 -0.0284898
47 1533.33 1 0.0330964 13.0982 698.773 0.00892016 -0.008644 -0.0235175
48 1566.67 1 7.63843 13.0206 698.509 -0.00110278 -0.0895483 -0.0328499
49 1600 1 8.92979 12.9448 698.746 -0.00506829 -0.101602 -0.0440772
50 1633.33 1 13.02 12.3577 697.556 -0.00924861 -0.132285 -0.0559715
51 1666.67 1 9.07444 12.6395 666.963 -0.000595726 -0.0848358 -0.0597689
52 1700 1 8.82028 12.6915 666.327 -0.002345 -0.0826595 -0.0603686
53 1733.33 1 4.18599 13.2505 663.586 -0.0352356 -0.0431463 -0.0655198
54 1766.67 1 3.41739 13.0418 668.329 -0.0220235 -0.0371769 -0.0589553
55 1800 1 3.18712 10.724 683.726 -0.0419373 -0.0363101 -0.0537372
56 1833.33 1 2.73957 9.50413 696.154 -0.0540061 -0.0386438 -0.0551159
57 1866.67 1 2.76913 8.59409 702.774 -0.0660946 -0.0412886 -0.0598131
58 1900 1 2.6 8.0579 700.789 -0.0653819 -0.0389188 -0.0592969
59 1933.33 1 2.53597 8.23178 699.871 -0.0518566 -0.0370945 -0.0556602
60 1966.67 1 2.054 8.51874 699.79 -0.0416808 -0.0398396 -0.0541913
61 2000 1 1.13328 9.41668 712.943 -0.0471434 -0.0478158 -0.05218
62 2033.33 1 1.06856 9.51465 713.628 -0.0552763 -0.0480108 -0.0518775
63 2066.67 1 0.515025 7.22097 716.283 -0.095654 -0.0455404 -0.0513506
64 2100 1 -0.019633 6.52775 714.367 -0.0847663 -0.0507889 -0.0576422
65 2133.33 1 -0.720267 7.62826 711.422 -0.0461301 -0.0476416 -0.0605205
66 2166.67 1 -1.22985 5.04672 711.66 -0.0750471 -0.0513737 -0.0637778
67 2200 1 -1.89645 0.217404 717.366 -0.1216 -0.047337 -0.0664088
68 2233.33 1 -1.72212 -1.01859 719.096 -0.140711 -0.0546307 -0.0712785
69 2266.67 1 -1.73863 -1.17023 719.81 -0.142133 -0.0544931 -0.0715219
70 2300 1 1.85872 1.42996 704.312 -0.155546 -0.0662957 -0.0713178
71 2333.33 1 4.18362 2.63467 695.02 -0.174516 -0.0684875 -0.057491
72 2366.67 1 4.39334 2.7428 695.89 -0.186104 -0.068437 -0.0542781
73 2400 1 8.21869 4.48895 692.964 -0.165112 -0.095871 -0.0377137
74 2433.33 1 11.1039 4.15689 691.578 -0.167524 -0.106444 -0.0276758
75 2466.67 1 14.1484 4.4794 689.777 -0.171113 -0.126793 -0.0218176
76 2500 1 16.7708 5.17794 689.588 -0.161158 -0.144013 -0.0197069
77 2533.33 1 21.8817 8.24988 698.339 -0.130223 -0.181332 -0.0180569
78 2566.67 1 23.8569 9.84013 699.393 -0.116518 -0.205236 -0.0328603
79 2600 1 24.1579 9.87982 699.83 -0.12118 -0.204833 -0.0381145
80 2633.33 1 28.6639 13.5476 695.178 -0.0940667 -0.249219 -0.0262057
81 2666.67 1 33.6843 18.0946 696.644 -0.065165 -0.284654 -0.0184946
82 2700 1 34.1897 18.4737 695.521 -0.0753578 -0.284421 -0.0207196
83 2733.33 1 40.8424 22.8139 709.08 -0.0298005 -0.334582 -0.0179253
84 2766.67 1 46.8568 25.3598 712.724 -0.000884229 -0.371044 -0.0265021
85 2800 1 53.9641 28.793 710.049 0.0334719 -0.418724 -0.0274248
86 2833.33 1 61.7395 31.7584 717.823 0.0363796 -0.431802 -0.0204326
87 2866.67 1 64.9212 37.5436 712.282 0.0771512 -0.467619 -0.0294044
88 2900 1 59.9794 41.5696 722.134 0.0542798 -0.42314 -0.0452125
89 2933.33 1 58.4424 41.9219 715 0.0406656 -0.419745 -0.0449793
90 2966.67 1 55.9739 44.5274 721.638 0.0411918 -0.405324 -0.0556342
91 3000 1 59.2107 45.1764 715.481 0.0506526 -0.431355 -0.0597813
92 3033.33 1 60.2828 45.2357 715.463 0.0389838 -0.442026 -0.0729403
93 3066.67 1 61.5205 46.2759 721.414 0.0484929 -0.441861 -0.0733669
94 3100 1 62.1655 46.8567 722.945 0.0530589 -0.450652 -0.0822111
95 3133.33 1 62.3273 46.133 719.684 0.0549409 -0.454591 -0.094418
96 3166.67 1 62.0375 44.6834 716.909 0.0475542 -0.465663 -0.104057
97 3200 1 59.9011 41.6231 711.212 0.0342845 -0.472928 -0.118661
98 3233.33 1 57.4154 40.1759 711.5 0.0479618 -0.472357 -0.117052
99 3266.67 1 56.0867 39.8827 708.818 0.0541693 -0.465326 -0.109463
100 3300 1 49.5121 34.3183 708.001 0.00411747 -0.443971 -0.130049
101 3333.33 1 42.5728 27.8623 710.926 -0.0566129 -0.398081 -0.14572
102 3366.67 1 38.9848 26.4311 716.377 -0.0312698 -0.388532 -0.118496
103 3400 1 34.5573 20.4689 705.989 -0.0547943 -0.383292 -0.110681
104 3433.33 1 30.2181 14.6466 708.5 -0.0960966 -0.366281 -0.120863
105 3466.67 1 28.6105 12.7433 707.462 -0.0992461 -0.363811 -0.127217
106 3500 1 27.4372 11.395 707.161 -0.105282 -0.356129 -0.129107
107 3533.33 1 26.0572 10.9348 707.822 -0.10568 -0.351399 -0.13597
108 3566.67 1 25.7199 11.3165 705.823 -0.0978092 -0.353694 -0.134673
109 3600 1 25.5889 11.3796 706.18 -0.0973165 -0.351378 -0.131858
110 3633.33 1 24.1473 15.1902 705.468 -0.0427965 -0.343024 -0.108749
111 3666.67 1 22.2071 22.2068 691.333 -0.0119476 -0.335222 -0.0879057
112 3700 1 21.1998 22.6132 683.726 -0.0239216 -0.33288 -0.083247
113 3733.33 1 19.0065 15.2524 677.547 -0.0933713 -0.309934 -0.0901917
114 3766.67 1 13.9098 11.3374 702.598 -0.0671025 -0.276181 -0.095969
115 3800 1 10.7129 12.446 719.38 -0.0135011 -0.240171 -0.0941132
116 3833.33 1 9.07503 14.7903 718.335 0.00566592 -0.230374 -0.0902263
117 3866.67 1 9.22817 15.4548 681.954 -0.0286263 -0.235735 -0.101538
118 3900 1 9.15606 16.1783 676.157 -0.0243774 -0.234722 -0.105387
119 3933.33 1 9.2588 16.326 675.931 -0.0279897 -0.23519 -0.107009
120 3966.67 1 10.1046 14.6625 698.324 -0.043075 -0.237614 -0.110603
121 4000 1 11.8395 20.4579 699.677 -0.0179916 -0.242925 -0.11234
122 4033.33 1 12.1261 20.7049 700.428 -0.0314572 -0.246224 -0.113514
123 4066.67 1 11.8001 21.3306 682.951 -0.0425038 -0.248707 -0.116046
124 4100 1 10.449 15.5003 677.768 -0.114096 -0.240109 -0.132925
125 4133.33 1 9.61589 13.0764 693.338 -0.117804 -0.24588 -0.142309
