1 0 1 -55.6319 -21.0529 1376.79 0.1046 0.0840336 -0.28051
2 33.3333 1 -57.9962 -21.3769 1362.85 0.123534 0.0870707 -0.33044
3 66.6667 1 -60.3458 -21.4284 1359.65 0.131686 0.096821 -0.344683
4 100 1 -68.7087 -22.0898 1358.9 0.11631 0.0925203 -0.365363
5 133.333 1 -72.6284 -23.1033 1367.52 0.128362 0.0766836 -0.361692
6 166.667 1 -77.0759 -23.5418 1364.14 0.133709 0.0514673 -0.357605
7 200 1 -79.0693 -23.89 1365.33 0.131611 0.0459529 -0.363488
8 233.333 1 -80.1504 -24.0097 1362.92 0.129712 0.0413687 -0.362908
9 266.667 1 -81.2426 -24.0068 1361.52 0.128287 0.0349066 -0.365093
10 300 1 -83.74 -23.7462 1360.1 0.120219 0.0318854 -0.37362
11 333.333 1 -85.1254 -23.3161 1357.43 0.103601 0.0362097 -0.378031
12 366.667 1 -85.9686 -22.3235 1349.88 0.0993328 0.0338138 -0.38302
13 400 1 -86.298 -21.6857 1345.35 0.0921573 0.0310318 -0.389567
14 433.333 1 -86.1186 -21.5947 1343.99 0.091105 0.0316596 -0.390924
15 466.667 1 -85.7048 -21.7196 1343.14 0.0903037 0.0262497 -0.395091
16 500 1 -83.7836 -23.0089 1337.4 0.0881779 0.0118023 -0.395141
17 533.333 1 -82.0611 -24.0519 1330.56 0.0937254 -0.0013923 -0.397749
18 566.667 1 -81.1087 -24.8704 1323.96 0.0961294 -0.0078114 -0.401214
19 600 1 -80.8846 -25.0538 1321.29 0.0975056 -0.0083949 -0.403132
20 633.333 1 -82.2908 -24.5547 1321.29 0.102641 0.0102337 -0.402251
21 666.667 1 -84.0243 -23.6404 1324.63 0.101799 0.024263 -0.399969
22 700 1 -88.4875 -20.5553 1329.21 0.121809 0.0866949 -0.401298
23 733.333 1 -89.6937 -18.3307 1328.17 0.127723 0.085482 -0.402029
24 766.667 1 -89.5595 -15.448 1317.7 0.135608 0.0857027 -0.416591
25 800 1 -89.8458 -14.145 1313.64 0.138058 0.0850673 -0.426441
26 833.333 1 -90.7369 -13.8221 1318.83 0.135529 0.0892514 -0.431169
27 866.667 1 -91.518 -13.2683 1322.82 0.142176 0.0880618 -0.434462
28 900 1 -92.6617 -12.0252 1331.67 0.150808 0.0827485 -0.439868
29 933.333 1 -93.2676 -10.9349 1335.86 0.156929 0.0836671 -0.439389
30 966.667 1 -93.5261 -9.91629 1336.76 0.161119 0.0770746 -0.438968
31 1000 1 -93.5024 -9.17181 1337.79 0.161995 0.0701851 -0.438758
32 1033.33 1 -93.4084 -8.40044 1339.22 0.164296 0.0666134 -0.445366
33 1066.67 1 -92.9064 -7.44884 1336.2 0.165674 0.0706792 -0.453086
34 1100 1 -92.275 -5.43474 1335.68 0.166307 0.0804106 -0.469863
35 1133.33 1 -91.4963 -3.92287 1334.87 0.175959 0.0785921 -0.474161
36 1166.67 1 -90.0033 -3.46963 1338.25 0.182764 0.0583823 -0.471142
37 1200 1 -89.1264 -3.0841 1341.29 0.186911 0.0510508 -0.467009
38 1233.33 1 -88.7625 -2.95794 1342.34 0.186325 0.0432351 -0.464992
39 1266.67 1 -88.4299 -2.5793 1342.73 0.189339 0.0416462 -0.462091
40 1300 1 -88.158 -1.20017 1341.81 0.188611 0.0383915 -0.465125
41 1333.33 1 -87.9099 -0.114263 1342.52 0.187711 0.036687 -0.463651
42 1366.67 1 -87.6739 0.299131 1340.34 0.188161 0.0367569 -0.462568
43 1400 1 -87.5533 0.528379 1338.29 0.189909 0.0365497 -0.460012
44 1433.33 1 -87.5294 0.448769 1338.11 0.189671 0.0362907 -0.458871
45 1466.67 1 -87.3981 0.0486438 1337.04 0.187216 0.0363346 -0.457265
46 1500 1 -87.4944 -0.681798 1338.8 0.187322 0.0374784 -0.455257
47 1533.33 1 -87.3484 -1.12651 1337.8 0.184876 0.037617 -0.453229
48 1566.67 1 -87.4699 -1.34882 1338.23 0.182215 0.039343 -0.453186
49 1600 1 -87.3678 -1.55036 1338.09 0.180085 0.0396736 -0.451069
50 1633.33 1 -87.3878 -1.69567 1337.32 0.180521 0.0401621 -0.450231
51 1666.67 1 -87.46 -1.80186 1338.72 0.180259 0.0398377 -0.449975
52 1700 1 -87.5826 -2.07967 1340.15 0.180129 0.038714 -0.450315
53 1733.33 1 -87.521 -2.25611 1338.98 0.183237 0.0388205 -0.449698
54 1766.67 1 -87.3603 -2.343 1338.51 0.185256 0.0353915 -0.450676
55 1800 1 -87.289 -2.44483 1337.99 0.187088 0.0345258 -0.450924
56 1833.33 1 -87.2211 -2.47064 1336.89 0.187932 0.0349655 -0.450977
57 1866.67 1 -87.1883 -2.47891 1336 0.189054 0.0347637 -0.451047
58 1900 1 -87.2363 -2.48517 1335.31 0.189738 0.0361308 -0.451339
59 1933.33 1 -87.4296 -2.5465 1336.33 0.189277 0.0370357 -0.451072
60 1966.67 1 -88.0452 -3.04653 1342.41 0.182702 0.0389225 -0.450198
61 2000 1 -87.9951 -3.26263 1342.44 0.184464 0.0389275 -0.446013
62 2033.33 1 -88.1262 -3.49583 1344.57 0.183197 0.0397381 -0.44452
63 2066.67 1 -88.2036 -3.53939 1345.42 0.181661 0.0405199 -0.44439
64 2100 1 -88.2842 -3.65852 1347.05 0.180803 0.0399714 -0.443334
65 2133.33 1 -88.1656 -3.69233 1347.91 0.180355 0.0389057 -0.442504
66 2166.67 1 -88.1859 -3.64075 1349.04 0.180971 0.0381113 -0.442771
67 2200 1 -88.25 -3.59768 1351.71 0.181778 0.0358307 -0.443239
68 2233.33 1 -88.2823 -3.59724 1353.15 0.182161 0.0351784 -0.443447
69 2266.67 1 -88.2534 -3.54871 1354.93 0.179551 0.0350534 -0.440404
70 2300 1 -88.276 -3.56168 1354.94 0.17987 0.0352734 -0.441261
71 2333.33 1 -88.2629 -3.5107 1355.2 0.181111 0.0360291 -0.441903
72 2366.67 1 -88.2889 -3.52874 1355.41 0.18114 0.0366963 -0.442599
73 2400 1 -88.3386 -3.51712 1355.23 0.181963 0.0371777 -0.443114
74 2433.33 1 -88.4978 -3.50562 1355.31 0.181949 0.0399767 -0.44209
75 2466.67 1 -88.5618 -3.5548 1355.62 0.182644 0.040102 -0.442759
76 2500 1 -88.6062 -3.55509 1355.14 0.181673 0.0403821 -0.441022
77 2533.33 1 -88.6779 -3.5872 1355.61 0.182174 0.0414062 -0.44116
78 2566.67 1 -88.661 -3.56341 1355.71 0.182596 0.0412834 -0.44101
79 2600 1 -88.6206 -3.52392 1356 0.18155 0.0410171 -0.438482
80 2633.33 1 -88.8051 -3.28243 1362.35 0.178411 0.0411484 -0.437787
81 2666.67 1 -89.3243 -2.95453 1372.06 0.177052 0.0422419 -0.436842
82 2700 1 -89.6546 -2.67472 1381.35 0.17472 0.0445407 -0.435385
83 2733.33 1 -89.9455 -2.42108 1386.23 0.174041 0.0459904 -0.435146
84 2766.67 1 -89.9172 -2.36099 1382.63 0.175332 0.0462679 -0.438449
85 2800 1 -89.7727 -2.38125 1378.73 0.176497 0.0454089 -0.438995
86 2833.33 1 -89.773 -2.41245 1377.3 0.177643 0.0469167 -0.43819
87 2866.67 1 -89.6621 -2.3958 1375.41 0.17569 0.0471378 -0.437808
88 2900 1 -88.9127 -2.35275 1363.63 0.176161 0.0487446 -0.436103
89 2933.33 1 -87.9766 -2.21932 1353.31 0.174647 0.0502316 -0.43704
90 2966.67 1 -86.121 -2.11686 1341.39 0.180862 0.0393077 -0.44066
91 3000 1 -84.8252 -2.1144 1335.53 0.183717 0.0336215 -0.442416
92 3033.33 1 -85.0524 -2.32462 1343.67 0.178344 0.0312591 -0.439456
93 3066.67 1 -85.4537 -2.32816 1349.78 0.176305 0.0301423 -0.436203
94 3100 1 -88.1273 -0.961277 1357.04 0.17884 0.0591297 -0.419041
95 3133.33 1 -90.1958 0.546652 1364.44 0.180182 0.0745821 -0.40518
96 3166.67 1 -90.9443 1.61017 1363.88 0.185172 0.0871206 -0.402519
97 3200 1 -91.433 2.62698 1363.09 0.191505 0.097803 -0.395706
98 3233.33 1 -90.5441 3.22757 1364.02 0.195656 0.093196 -0.391183
99 3266.67 1 -89.1202 3.62845 1363.15 0.20086 0.0807776 -0.391035
100 3300 1 -85.5199 3.34373 1368.07 0.20435 0.0404115 -0.389879
101 3333.33 1 -82.5769 3.33158 1369.22 0.215635 0.0237945 -0.386376
102 3366.67 1 -79.4408 2.86643 1368.7 0.211535 0.00569009 -0.380428
103 3400 1 -77.0009 2.47488 1366.11 0.219561 -0.00699689 -0.372911
104 3433.33 1 -75.6542 2.02208 1366.48 0.22099 -0.012245 -0.365694
105 3466.67 1 -73.5583 1.60846 1362.06 0.224105 -0.02174 -0.361362
106 3500 1 -70.0964 1.18191 1359.89 0.215125 -0.0391538 -0.340948
107 3533.33 1 -66.7466 0.958236 1357.59 0.210757 -0.0431248 -0.3342
108 3566.67 1 -63.2997 0.606865 1362.56 0.207784 -0.0603542 -0.326011
109 3600 1 -60.7939 0.582933 1365.38 0.207167 -0.0609633 -0.318612
110 3633.33 1 -59.1635 0.302288 1364.3 0.204071 -0.0617929 -0.320316
111 3666.67 1 -57.8931 0.144116 1362.87 0.20035 -0.0574194 -0.318323
112 3700 1 -56.7686 -0.24351 1361.36 0.198842 -0.0616429 -0.309615
113 3733.33 1 -55.7493 -0.484251 1357.8 0.19798 -0.067908 -0.304357
114 3766.67 1 -55.5427 -0.452055 1361.76 0.187951 -0.0652586 -0.310471
115 3800 1 -55.4706 -0.347668 1363.19 0.181718 -0.0604917 -0.315175
116 3833.33 1 -55.9147 -0.0390582 1365.58 0.177186 -0.0548011 -0.321332
117 3866.67 1 -56.0686 0.134985 1361.76 0.173796 -0.0541429 -0.325859
118 3900 1 -56.923 0.228376 1355.56 0.17148 -0.0548928 -0.332287
119 3933.33 1 -57.8634 0.10126 1349.87 0.171753 -0.059141 -0.339374
120 3966.67 1 -60.0787 -1.40979 1336.11 0.167041 -0.0582597 -0.343738
121 4000 1 -62.6111 -2.64117 1336.16 0.17687 -0.0736818 -0.340951
122 4033.33 1 -65.001 -2.34404 1325.92 0.19369 -0.0636364 -0.342255
123 4066.67 1 -66.7327 -2.09722 1324.95 0.20309 -0.0670704 -0.342891
124 4100 1 -67.4815 -1.24803 1327.33 0.213425 -0.0679124 -0.334924
125 4133.33 1 -67.7962 -0.418473 1329.9 0.218684 -0.0709354 -0.333686
126 4166.67 1 -67.6594 0.601232 1329.95 0.229101 -0.0758095 -0.335536
127 4200 1 -67.8203 1.56058 1333.79 0.230907 -0.0785644 -0.335563
128 4233.33 1 -68.9496 2.36653 1339.35 0.237275 -0.0715091 -0.34328
129 4266.67 1 -69.9679 3.11182 1344.26 0.239637 -0.0676927 -0.351027
130 4300 1 -70.8728 3.70141 1348.23 0.242559 -0.0628968 -0.353173
131 4333.33 1 -71.6581 4.36317 1351.76 0.243098 -0.0593271 -0.357161
132 4366.67 1 -71.7099 5.5877 1350.24 0.244996 -0.0570502 -0.354837
133 4400 1 -71.7765 6.62369 1348.92 0.248564 -0.0541867 -0.351076
134 4433.33 1 -71.203 6.79105 1349.75 0.243302 -0.0570359 -0.348081
135 4466.67 1 -70.5326 6.97818 1347.56 0.247083 -0.058003 -0.345501
136 4500 1 -70.517 6.96659 1347.63 0.249211 -0.0575868 -0.343886
137 4533.33 1 -70.5633 6.94534 1348.01 0.250925 -0.0579252 -0.343288
138 4566.67 1 -70.5808 6.76254 1348.23 0.255683 -0.0546817 -0.342461
139 4600 1 -70.6372 6.50681 1348.41 0.253739 -0.0531877 -0.343037
140 4633.33 1 -71.1404 6.08632 1351.06 0.254182 -0.0462822 -0.341227
141 4666.67 1 -71.3578 5.63442 1351.05 0.255443 -0.0426003 -0.342808
142 4700 1 -71.3559 5.58635 1350.72 0.254788 -0.0410554 -0.342775
143 4733.33 1 -71.7839 5.27487 1353.3 0.250171 -0.0349599 -0.342382
144 4766.67 1 -71.9648 2.4974 1334.59 0.224089 -0.0195832 -0.341756
145 4800 1 -72.7603 0.804066 1327.54 0.21586 -0.00768496 -0.340645
146 4833.33 1 -73.9148 -2.42982 1318.77 0.20462 0.0129852 -0.336897
147 4866.67 1 -75.3475 -4.29355 1320.52 0.204562 0.0284728 -0.32894
148 4900 1 -75.4048 -4.28408 1316.96 0.209061 0.0318146 -0.327988
149 4933.33 1 -75.3442 -4.04515 1311.35 0.211953 0.0361618 -0.329527
150 4966.67 1 -75.9676 -2.33497 1304.31 0.212258 0.0536719 -0.333021
151 5000 1 -76.496 -0.876692 1304.21 0.210329 0.0605365 -0.337164
152 5033.33 1 -76.8609 0.0949997 1306.7 0.208808 0.0680649 -0.337815
