1 0 1 19.5522 -26.018 975.498 0.146954 0.0165555 0.0286787
2 33.3333 1 20.0705 -25.2957 972.237 0.138343 -0.0659777 0.0597573
3 66.6667 1 20.5752 -24.5144 971.362 0.130597 -0.148161 0.0820277
4 100 1 20.8488 -24.9782 984.995 0.170839 -0.254372 0.115676
5 133.333 1 21.0156 -24.5816 990.83 0.177336 -0.364209 0.152939
6 166.667 1 22.4183 -24.0122 1013.79 0.17706 -0.458343 0.189873
7 200 1 25.5859 -24.0004 1017.36 0.174664 -0.47685 0.224594
8 233.333 1 29.651 -24.7965 1017.76 0.17809 -0.499118 0.25249
9 266.667 1 32.8892 -26.2199 1024.67 0.176135 -0.525021 0.274495
10 300 1 35.7771 -27.6301 1032.65 0.180986 -0.555478 0.2755
11 333.333 1 36.6233 -28.3701 1039.91 0.185198 -0.553565 0.250885
12 366.667 1 36.5592 -28.3701 1040.34 0.207587 -0.566236 0.245142
13 400 1 35.9073 -27.8611 1028.6 0.223605 -0.571809 0.236503
14 433.333 1 35.7428 -27.6801 1019.81 0.195422 -0.57647 0.215999
15 466.667 1 36.5274 -28.3082 1018.64 0.178686 -0.595988 0.209446
16 500 1 38.1732 -29.3295 1022.66 0.153566 -0.604922 0.192759
17 533.333 1 39.2737 -29.9508 1030.39 0.144413 -0.608752 0.186636
18 566.667 1 38.5974 -28.8913 1026.17 0.161296 -0.606412 0.189216
19 600 1 36.0204 -27.5342 1021.17 0.187644 -0.576123 0.190045
20 633.333 1 32.5467 -26.8245 1011.8 0.198573 -0.562725 0.197358
21 666.667 1 29.4457 -25.8353 1003.39 0.218197 -0.56924 0.207465
22 700 1 27.8675 -24.9552 997.903 0.214952 -0.58224 0.1892
23 733.333 1 26.967 -25.1805 998.969 0.19654 -0.593035 0.155862
24 766.667 1 26.1253 -24.8208 999.501 0.203743 -0.590481 0.146067
25 800 1 25.8556 -24.1352 997.099 0.19782 -0.585301 0.142008
26 833.333 1 26.8883 -24.1669 1008.12 0.199865 -0.591428 0.153617
27 866.667 1 27.6622 -24.3628 1014.44 0.220138 -0.61087 0.167074
28 900 1 28.4607 -23.7899 1018.23 0.228236 -0.624766 0.165871
29 933.333 1 27.6805 -23.1066 1017.21 0.232085 -0.623254 0.161143
30 966.667 1 25.571 -22.5337 1013.08 0.230975 -0.609137 0.152476
31 1000 1 22.8444 -22.3342 1011.81 0.225754 -0.606677 0.143886
32 1033.33 1 21.0052 -23.4502 1014.03 0.203762 -0.592085 0.127693
33 1066.67 1 20.015 -24.3806 1009.88 0.167627 -0.572364 0.0914357
34 1100 1 18.9283 -24.6162 1002.02 0.1629 -0.56598 0.0877601
35 1133.33 1 17.0699 -23.4769 990.994 0.176299 -0.548781 0.0895439
36 1166.67 1 15.7151 -21.9078 979.83 0.194763 -0.518117 0.123486
37 1200 1 14.5509 -21.0733 986.563 0.212717 -0.510311 0.150537
38 1233.33 1 13.9147 -21.3909 999.798 0.222225 -0.510104 0.165885
39 1266.67 1 14.1507 -21.9398 1008.45 0.225584 -0.516649 0.164523
40 1300 1 14.4739 -22.8748 1007.67 0.216568 -0.528458 0.14861
41 1333.33 1 13.595 -22.9406 1006.44 0.205726 -0.524096 0.136587
42 1366.67 1 11.4837 -21.9659 994.26 0.208401 -0.524466 0.129306
43 1400 1 9.91876 -20.6223 977.781 0.208718 -0.524058 0.117551
44 1433.33 1 8.43714 -20.8342 980.453 0.188149 -0.528826 0.100576
45 1466.67 1 8.0579 -20.6766 981.885 0.177664 -0.536347 0.0862563
46 1500 1 8.024 -20.4619 983.95 0.179088 -0.537441 0.0827346
47 1533.33 1 8.03704 -19.8771 982.607 0.201177 -0.529494 0.0924386
48 1566.67 1 7.94679 -20.5114 991.184 0.208049 -0.520811 0.11124
49 1600 1 7.96468 -21.2973 996.331 0.211967 -0.513742 0.10919
50 1633.33 1 7.63257 -22.0148 999.223 0.204837 -0.504553 0.108552
51 1666.67 1 7.04267 -22.3553 997.459 0.206515 -0.506905 0.113235
52 1700 1 7.17529 -23.1173 998.144 0.198046 -0.512394 0.119671
53 1733.33 1 7.95286 -23.8517 998.738 0.200518 -0.530157 0.124899
54 1766.67 1 8.92302 -24.0464 997.687 0.198045 -0.546068 0.126423
55 1800 1 8.54484 -24.0484 997.02 0.18781 -0.547493 0.116586
56 1833.33 1 7.5772 -23.6252 991.322 0.173176 -0.544377 0.0981221
57 1866.67 1 6.50206 -22.8392 988.455 0.176462 -0.540813 0.0970579
58 1900 1 5.61021 -21.477 986.49 0.199317 -0.535167 0.108422
59 1933.33 1 4.84622 -21.6836 990.936 0.221197 -0.534031 0.12522
60 1966.67 1 4.66692 -22.1828 994.055 0.229802 -0.533124 0.141283
61 2000 1 4.45498 -22.5906 987.787 0.223138 -0.526136 0.151701
62 2033.33 1 4.32197 -23.2643 987.946 0.227239 -0.522672 0.156917
63 2066.67 1 4.35199 -23.2368 989.228 0.229439 -0.517351 0.16459
64 2100 1 5.4076 -23.4381 1000.86 0.234699 -0.53344 0.165446
65 2133.33 1 8.25016 -22.7087 1007 0.241838 -0.607601 0.141353
66 2166.67 1 10.5185 -21.3539 1019.58 0.231785 -0.634026 0.118817
67 2200 1 11.0039 -19.5445 1011.71 0.215916 -0.630316 0.0971335
68 2233.33 1 9.59109 -18.2719 1010.27 0.213518 -0.614317 0.0931937
69 2266.67 1 6.3628 -16.5662 998.754 0.23003 -0.588255 0.0971107
70 2300 1 2.93456 -15.977 993.774 0.223349 -0.574632 0.0988816
71 2333.33 1 0.315798 -16.3491 989.125 0.215955 -0.569654 0.0836611
72 2366.67 1 -1.27521 -17.4473 992.563 0.200615 -0.574089 0.0662319
73 2400 1 -2.27041 -18.1861 994.13 0.194731 -0.575922 0.0553179
74 2433.33 1 -2.81356 -18.7985 995.951 0.19035 -0.574531 0.0537748
75 2466.67 1 -2.94547 -18.7838 995.153 0.186532 -0.577504 0.0528208
76 2500 1 -2.68805 -18.755 1000.52 0.192655 -0.579576 0.0560181
77 2533.33 1 -2.98329 -17.5805 1022.1 0.174204 -0.578963 0.0426261
78 2566.67 1 -2.78739 -17.2311 1026.4 0.169558 -0.579275 0.0343278
79 2600 1 -2.30697 -17.8953 1030.64 0.16892 -0.590816 0.03642
80 2633.33 1 -2.61903 -18.6436 1028.04 0.163518 -0.590852 0.025677
81 2666.67 1 -2.78332 -19.3777 1018.88 0.172245 -0.595435 0.0310872
82 2700 1 -2.87734 -20.0222 1012.43 0.182532 -0.601019 0.045047
83 2733.33 1 -3.14571 -20.3052 1010.97 0.189164 -0.606272 0.0543104
84 2766.67 1 -3.25123 -20.2792 1010.12 0.189821 -0.605795 0.0556285
85 2800 1 -3.08707 -20.311 1009.53 0.190921 -0.612644 0.0581516
86 2833.33 1 -3.22167 -20.4823 1006.76 0.197957 -0.618372 0.0672884
87 2866.67 1 -3.27847 -20.8546 1004.9 0.202812 -0.622819 0.0688659
88 2900 1 -3.45533 -21.3466 1011.07 0.197703 -0.627874 0.0691014
89 2933.33 1 -4.00706 -21.3957 1010.41 0.192413 -0.62845 0.0591866
90 2966.67 1 -4.97471 -21.3408 1010.48 0.19197 -0.621088 0.0526743
91 3000 1 -5.89725 -21.283 1009.97 0.19687 -0.617255 0.0563916
92 3033.33 1 -6.73238 -21.281 1009.71 0.196067 -0.614354 0.0559008
93 3066.67 1 -7.43484 -21.3013 1008.42 0.190939 -0.607501 0.047449
94 3100 1 -8.21799 -21.266 1008.98 0.188151 -0.605279 0.0419617
95 3133.33 1 -8.96364 -21.2383 1012.22 0.181123 -0.608002 0.041644
96 3166.67 1 -9.34284 -21.1689 1012.14 0.177118 -0.601965 0.0364117
97 3200 1 -9.81387 -21.2091 1012.08 0.177867 -0.603107 0.0342729
98 3233.33 1 -10.2193 -21.0688 1010.72 0.183895 -0.599035 0.0432834
99 3266.67 1 -10.4721 -21.0009 1009.79 0.184386 -0.597793 0.0430176
100 3300 1 -10.3271 -21.1481 1011.04 0.177712 -0.601656 0.0454723
101 3333.33 1 -10.7804 -20.5739 1023 0.16636 -0.595791 0.0366832
102 3366.67 1 -10.7741 -20.4154 1023.81 0.165627 -0.588898 0.032052
103 3400 1 -9.70151 -20.7041 1027.99 0.172846 -0.601295 0.0433862
104 3433.33 1 -8.64266 -21.0119 1024.97 0.174979 -0.615894 0.0479241
105 3466.67 1 -7.81055 -21.302 1023.75 0.181289 -0.616924 0.051647
106 3500 1 -6.9971 -21.3142 1017.98 0.187703 -0.617683 0.0587127
107 3533.33 1 -6.07145 -21.469 1015.66 0.194016 -0.61935 0.0621481
108 3566.67 1 -4.9684 -21.0945 1011.79 0.196458 -0.625288 0.0649441
109 3600 1 -4.24352 -20.9468 1007.21 0.202851 -0.624437 0.0696686
110 3633.33 1 -3.25354 -20.9831 1008.11 0.205126 -0.62337 0.0712031
111 3666.67 1 -2.00987 -20.9949 1009.49 0.206508 -0.625002 0.0731972
112 3700 1 -0.978 -20.977 1007.3 0.205787 -0.623395 0.0721812
113 3733.33 1 -0.11672 -20.7555 1008.1 0.199983 -0.617352 0.0723365
114 3766.67 1 0.508547 -20.789 1004.85 0.199833 -0.610376 0.0724112
115 3800 1 0.760189 -20.5542 1004.88 0.200525 -0.604516 0.0708681
116 3833.33 1 1.51737 -20.5064 1002.46 0.199985 -0.600647 0.0722028
117 3866.67 1 2.23093 -20.6008 1003.4 0.204629 -0.605312 0.0760682
118 3900 1 2.53253 -20.982 1003.91 0.203881 -0.599396 0.076589
119 3933.33 1 2.77195 -21.1051 1001.27 0.209059 -0.597992 0.0847621
120 3966.67 1 2.84452 -21.1042 1002.54 0.210649 -0.593927 0.086952
121 4000 1 2.84852 -21.1287 1003.65 0.210216 -0.587236 0.0869701
122 4033.33 1 2.76025 -21.0921 1002.84 0.196779 -0.584738 0.0747477
123 4066.67 1 2.76639 -21.2091 1003.06 0.186594 -0.573353 0.0696533
124 4100 1 2.55302 -21.1738 1001.38 0.183757 -0.568847 0.0700617
125 4133.33 1 2.56708 -21.4541 1001.06 0.180384 -0.568816 0.0651819
126 4166.67 1 2.49762 -21.4962 1001.07 0.185607 -0.566499 0.0685015
127 4200 1 2.51295 -21.4844 1001.47 0.188067 -0.566988 0.0731986
128 4233.33 1 2.71393 -21.4173 997.218 0.189454 -0.567086 0.0772086
129 4266.67 1 2.82933 -21.371 997.017 0.187588 -0.569625 0.0784244
130 4300 1 3.28412 -21.6131 1001.52 0.189656 -0.564262 0.0797043
131 4333.33 1 3.43074 -21.7655 1002.15 0.195674 -0.56264 0.0786852
132 4366.67 1 3.51942 -21.7883 1003.21 0.195465 -0.560201 0.0772532
133 4400 1 3.4545 -21.5015 1003.06 0.195414 -0.551973 0.0785932
134 4433.33 1 2.2705 -19.7412 1005.8 0.221377 -0.522955 0.109823
135 4466.67 1 0.780528 -17.6165 1014.8 0.235821 -0.502709 0.11871
136 4500 1 -1.07955 -15.2781 1016.78 0.245399 -0.479404 0.120854
137 4533.33 1 -2.73058 -13.1631 1017.71 0.257394 -0.453588 0.122615
138 4566.67 1 -4.78913 -11.2693 1018.64 0.276382 -0.431823 0.132767
139 4600 1 -7.83605 -9.24326 1014.12 0.288365 -0.408889 0.14676
140 4633.33 1 -11.2206 -6.86204 1009.53 0.276373 -0.381945 0.146211
141 4666.67 1 -14.691 -5.70702 1007.39 0.291159 -0.35378 0.15816
142 4700 1 -17.9908 -4.86048 998.069 0.287182 -0.337853 0.159506
143 4733.33 1 -20.3346 -4.62011 999.199 0.27766 -0.318613 0.161714
144 4766.67 1 -21.6474 -4.08214 995.912 0.281867 -0.290942 0.160516
145 4800 1 -22.5981 -3.00643 996.998 0.288655 -0.274351 0.153685
146 4833.33 1 -24.454 -2.80286 994.098 0.290967 -0.244083 0.144971
147 4866.67 1 -27.5726 -4.59349 992.338 0.276108 -0.213022 0.125929
148 4900 1 -31.15 -8.10202 983.128 0.257887 -0.169197 0.106108
149 4933.33 1 -35.2602 -11.767 973.152 0.245187 -0.107523 0.0880419
150 4966.67 1 -39.2532 -16.0492 968.215 0.243542 -0.0244839 0.0598818
151 5000 1 -43.4249 -19.1325 965.578 0.244025 0.0441117 0.0469103
152 5033.33 1 -46.8945 -20.8788 957.69 0.238995 0.131164 0.0282664
153 5066.67 1 -49.9848 -22.1174 957.662 0.223598 0.18194 0.0281316
154 5100 1 -54.0708 -23.1502 972.226 0.202623 0.213789 0.0430673
155 5133.33 1 -56.6804 -23.7107 974.452 0.189441 0.248425 0.0469926
156 5166.67 1 -58.8344 -24.2412 977.739 0.18292 0.280327 0.0458617
157 5200 1 -60.8588 -24.164 976.315 0.178871 0.30607 0.0442
158 5233.33 1 -62.2272 -24.0152 976.805 0.176083 0.321138 0.0411758
159 5266.67 1 -62.8094 -23.8195 979.032 0.17689 0.334304 0.0383549
160 5300 1 -62.8524 -23.1664 977.419 0.183854 0.336293 0.0250253
161 5333.33 1 -64.5178 -23.0366 983.31 0.182546 0.349792 0.0132873
162 5366.67 1 -66.6358 -23.0685 984.045 0.182806 0.369272 0.00580477
163 5400 1 -68.5813 -22.9811 986.679 0.178238 0.383906 0.00503519
164 5433.33 1 -69.622 -22.6028 988.438 0.176741 0.391277 0.000163172
165 5466.67 1 -69.8904 -22.116 993.425 0.181255 0.385855 -0.00243666
166 5500 1 -69.4876 -21.5939 991.058 0.18416 0.383098 0.00239398
167 5533.33 1 -68.9943 -20.8496 992.287 0.185777 0.380344 0.00140345
168 5566.67 1 -68.3503 -20.2823 987.884 0.190939 0.375612 -0.000934856
169 5600 1 -68.1547 -20.4252 987.599 0.187797 0.372733 -0.00198046
170 5633.33 1 -68.3541 -20.4731 986.819 0.181459 0.382047 0.000761785
171 5666.67 1 -69.0564 -20.5222 989.697 0.180067 0.387204 0.00131487
172 5700 1 -70.1903 -20.1229 992.681 0.180582 0.383283 0.00822865
173 5733.33 1 -70.718 -19.1199 992.563 0.18335 0.382572 0.00988782
174 5766.67 1 -71.6642 -18.2407 995.835 0.186096 0.382331 0.00795623
175 5800 1 -72.2816 -17.4983 994.813 0.188594 0.382421 0.00472043
176 5833.33 1 -72.7678 -16.7318 992.172 0.180371 0.384836 0.0016271
177 5866.67 1 -73.5112 -16.5101 992.13 0.183403 0.390631 -0.00195813
178 5900 1 -74.7199 -16.7728 993.427 0.177561 0.386305 0.00312228
179 5933.33 1 -76.1264 -16.7548 992.995 0.175213 0.387754 0.00378186
180 5966.67 1 -76.802 -16.7726 988.561 0.172293 0.390145 0.0087708
181 6000 1 -77.3091 -17.0536 986.59 0.167087 0.396482 0.0116509
182 6033.33 1 -77.6423 -17.0878 981.682 0.166187 0.399791 0.0157237
183 6066.67 1 -79.2031 -16.2702 981.642 0.17095 0.401242 0.0119645
184 6100 1 -80.3865 -16.039 979.248 0.170978 0.400464 0.0120486
185 6133.33 1 -81.369 -15.8099 977.246 0.167476 0.406102 0.0120864
186 6166.67 1 -82.2343 -15.2944 974.438 0.168967 0.417104 0.00972875
187 6200 1 -82.2574 -15.1644 974.006 0.16882 0.414911 0.0103041
188 6233.33 1 -81.6124 -15.2638 970.961 0.171298 0.412264 0.0071328
189 6266.67 1 -80.8879 -14.6577 967.693 0.176181 0.417485 0.00379392
190 6300 1 -79.89 -14.4522 963.764 0.173272 0.418621 0.00618106
191 6333.33 1 -78.9217 -14.8543 961.448 0.172319 0.423104 0.00443069
192 6366.67 1 -78.3114 -14.8301 961.265 0.169444 0.419942 0.00602209
193 6400 1 -77.4215 -15.0527 957.838 0.167323 0.424507 0.00645494
194 6433.33 1 -76.8536 -15.1724 960.796 0.171329 0.422594 0.00318133
195 6466.67 1 -76.493 -15.2291 958.335 0.170632 0.422597 0.00560327
196 6500 1 -76.2357 -15.0984 956.746 0.176238 0.42355 0.00262951
197 6533.33 1 -76.1297 -15.0943 958.484 0.177849 0.419604 0.00237474
198 6566.67 1 -75.8237 -14.5761 962.717 0.182487 0.413761 -0.00421887
199 6600 1 -75.794 -14.0877 962.253 0.184445 0.415542 -0.0154211
200 6633.33 1 -75.9349 -13.7077 961.957 0.184897 0.408838 -0.019279
201 6666.67 1 -76.0132 -13.5274 963.8 0.185435 0.406309 -0.0244861
202 6700 1 -75.8164 -13.5667 962.81 0.182966 0.404087 -0.0271877
203 6733.33 1 -75.715 -13.5759 963.529 0.182235 0.403422 -0.0274438
204 6766.67 1 -75.4451 -13.5219 961.455 0.183464 0.408737 -0.0309941
205 6800 1 -75.2534 -13.5058 961.097 0.18392 0.405355 -0.0323154
206 6833.33 1 -74.8665 -13.4623 960.564 0.182334 0.410181 -0.0344557
207 6866.67 1 -74.1268 -13.4067 958.222 0.178556 0.414791 -0.0299367
208 6900 1 -73.3278 -13.1987 956.409 0.173152 0.414558 -0.0242389
209 6933.33 1 -72.6219 -13.0523 957.639 0.170994 0.415536 -0.0266569
210 6966.67 1 -71.5119 -13.1152 957.248 0.172554 0.411636 -0.0300786
211 7000 1 -70.6158 -13.0297 956.368 0.169524 0.416415 -0.0297775
212 7033.33 1 -69.2868 -13.042 956.626 0.169551 0.413363 -0.0316036
213 7066.67 1 -68.0599 -13.0482 956.082 0.168793 0.412938 -0.0336704
214 7100 1 -66.9627 -12.9911 954.528 0.166767 0.418502 -0.0301814
215 7133.33 1 -65.7764 -12.97 954.636 0.165852 0.416582 -0.0273551
216 7166.67 1 -64.6331 -13.0793 951.408 0.168873 0.419326 -0.0296919
217 7200 1 -63.3196 -13.1535 948.574 0.175409 0.420623 -0.0305359
218 7233.33 1 -61.7368 -13.3941 948.258 0.181772 0.411735 -0.0336691
219 7266.67 1 -60.4144 -13.3331 944.927 0.193054 0.413657 -0.0367093
220 7300 1 -59.6963 -13.3019 941.404 0.19362 0.41414 -0.027371
221 7333.33 1 -58.5863 -13.4694 941.758 0.19104 0.401478 -0.0250891
222 7366.67 1 -57.052 -13.4307 939.4 0.199625 0.388912 -0.0298124
223 7400 1 -56.0869 -13.4123 942.665 0.200601 0.38492 -0.0344399
224 7433.33 1 -54.8152 -13.5003 943.699 0.201029 0.380741 -0.0364442
225 7466.67 1 -53.8141 -13.6329 944.305 0.201248 0.379127 -0.0353492
226 7500 1 -53.1382 -13.5897 944.722 0.199105 0.382184 -0.033551
227 7533.33 1 -52.0667 -13.3713 944.103 0.196304 0.390198 -0.0316098
228 7566.67 1 -51.2988 -13.3813 945.511 0.193965 0.389793 -0.0286985
229 7600 1 -50.6595 -12.9326 945.369 0.194389 0.394413 -0.0321097
230 7633.33 1 -50.1203 -11.4863 966.05 0.189448 0.389702 -0.0344276
231 7666.67 1 -49.1004 -10.9751 969.373 0.187307 0.383076 -0.0367019
232 7700 1 -48.0458 -11.3641 966.042 0.18741 0.382569 -0.0368332
233 7733.33 1 -46.8275 -12.0168 961.623 0.190611 0.381962 -0.0328708
234 7766.67 1 -45.9724 -12.6779 958.967 0.189576 0.391101 -0.0291958
235 7800 1 -44.8962 -13.3542 953.767 0.186149 0.401119 -0.0261654
236 7833.33 1 -43.9938 -13.583 954.841 0.188085 0.399348 -0.0262899
237 7866.67 1 -42.8517 -13.58 954.551 0.188033 0.402511 -0.0233124
238 7900 1 -41.3118 -13.5768 955.475 0.185831 0.40213 -0.0223205
239 7933.33 1 -39.9654 -13.6563 954.029 0.186829 0.403646 -0.0195889
240 7966.67 1 -38.1514 -13.6802 951.922 0.186263 0.399608 -0.0210505
241 8000 1 -36.4505 -13.8846 951.479 0.18767 0.405994 -0.0180695
242 8033.33 1 -34.958 -14.37 954.486 0.182609 0.41143 -0.0137062
243 8066.67 1 -32.9419 -14.7834 954.856 0.181229 0.408555 -0.0127354
244 8100 1 -31.351 -15.2636 957.276 0.177842 0.411975 -0.0122745
245 8133.33 1 -29.4592 -15.4311 957.875 0.177913 0.41312 -0.0180719
246 8166.67 1 -27.7605 -15.5644 959.393 0.17712 0.413114 -0.0190191
247 8200 1 -25.804 -15.6732 958.893 0.179972 0.414568 -0.0220765
248 8233.33 1 -23.7509 -16.1817 962.968 0.176335 0.417587 -0.0220437
249 8266.67 1 -21.319 -16.4176 964.831 0.173597 0.409942 -0.0204839
250 8300 1 -19.0703 -16.585 962.928 0.173866 0.407644 -0.0227834
251 8333.33 1 -16.816 -16.7272 961.512 0.176571 0.406136 -0.0247376
252 8366.67 1 -14.3178 -16.6712 960.574 0.175688 0.402158 -0.0242238
253 8400 1 -12.1718 -16.639 963.399 0.173311 0.39968 -0.0241644
254 8433.33 1 -10.2248 -16.2808 966.369 0.175912 0.39973 -0.0251559
255 8466.67 1 -8.79853 -16.2484 965.124 0.176774 0.402268 -0.0212989
256 8500 1 -8.09844 -16.2923 963.455 0.178541 0.401894 -0.025701
257 8533.33 1 -7.71601 -16.3518 962.301 0.179986 0.397849 -0.0288691
258 8566.67 1 -7.56364 -16.3464 962.262 0.181458 0.396249 -0.0307919
259 8600 1 -7.62798 -16.4234 962.968 0.185837 0.386986 -0.0321591
