1 0 1 92.5331 31.8244 760.437 0.129897 0.111011 -0.0709307
2 33.3333 1 88.9027 32.0709 755.314 0.149201 0.155983 -0.088228
3 66.6667 1 87.2455 33.5398 772.95 0.151667 0.255105 -0.0835421
4 100 1 87.7602 34.221 779.108 0.147311 0.275563 -0.082125
5 133.333 1 90.4962 34.7143 782.422 0.146833 0.227737 -0.0734829
6 166.667 1 90.5222 33.8807 767.281 0.125989 0.140967 -0.0819007
7 200 1 90.7349 33.0137 764.185 0.133201 0.145521 -0.094318
8 233.333 1 89.1047 32.8857 773.501 0.134498 0.231848 -0.0983989
9 266.667 1 87.4377 32.0423 774.011 0.128204 0.27329 -0.0983908
10 300 1 87.7852 31.3406 775.604 0.113988 0.27059 -0.101848
11 333.333 1 85.0042 29.7856 745.3 -0.00232816 0.106928 -0.108432
12 366.667 1 86.2887 28.5453 749.797 0.0073948 0.118901 -0.107601
13 400 1 86.6346 27.4042 752.904 0.0392576 0.151899 -0.108655
14 433.333 1 81.4777 27.4698 730.54 -0.0319793 0.111001 -0.101032
15 466.667 1 82.167 26.9706 738.544 -0.0177718 0.144738 -0.112197
16 500 1 83.428 26.3148 749.084 -0.00803645 0.180427 -0.107315
17 533.333 1 84.0798 25.5855 750.194 -0.0385055 0.199117 -0.120877
18 566.667 1 82.8875 25.0059 742.628 -0.0589611 0.177697 -0.121538
19 600 1 82.0961 24.7079 736.102 -0.0346263 0.15822 -0.131858
20 633.333 1 86.2093 23.0769 788.595 0.190196 0.122475 -0.099185
21 666.667 1 86.068 22.9495 778.48 0.174853 0.148314 -0.101138
22 700 1 86.4048 22.5073 789.372 0.200233 0.0754818 -0.0868555
23 733.333 1 86.57 22.2105 780.886 0.220163 0.118091 -0.105325
24 766.667 1 87.2575 22.046 777.601 0.244747 0.156618 -0.126271
25 800 1 86.4124 23.398 782.947 0.189424 0.101445 -0.0995957
26 833.333 1 86.8895 22.9612 778.812 0.21841 0.147567 -0.119933
27 866.667 1 86.6636 23.4147 788.87 0.188221 0.112239 -0.0972472
28 900 1 87.9642 22.6169 790.772 0.19879 0.157065 -0.119523
29 933.333 1 88.0973 23.7837 802.95 0.17426 0.097233 -0.0959008
30 966.667 1 87.4096 22.8948 792.012 0.183267 0.137668 -0.113135
31 1000 1 86.9638 20.5335 783.02 0.178645 0.161338 -0.124041
32 1033.33 1 87.888 18.2017 788.241 0.179424 0.20233 -0.127844
33 1066.67 1 87.7641 16.0346 785.097 0.174266 0.209868 -0.131824
34 1100 1 87.8994 13.9875 785.502 0.16863 0.209168 -0.129261
35 1133.33 1 87.4411 12.1763 784.703 0.160061 0.214712 -0.12787
36 1166.67 1 87.1503 10.7099 783.986 0.159619 0.212265 -0.133947
37 1200 1 86.7127 10.0232 783.128 0.160196 0.215526 -0.13686
38 1233.33 1 86.3456 9.36579 783.146 0.155291 0.210774 -0.138536
39 1266.67 1 86.4901 8.66937 788.303 0.145664 0.215803 -0.13699
40 1300 1 86.3228 8.77565 789.216 0.142823 0.215851 -0.136087
41 1333.33 1 86.0266 8.90167 789.917 0.143843 0.222694 -0.137543
42 1366.67 1 85.1948 8.86073 789.868 0.146556 0.234566 -0.142585
43 1400 1 84.4602 8.84624 788.59 0.152291 0.238261 -0.147402
44 1433.33 1 84.4675 9.17836 796.443 0.139668 0.248341 -0.14701
45 1466.67 1 84.9307 9.57671 803.226 0.139542 0.245132 -0.144675
46 1500 1 84.4928 10.4256 801.609 0.156479 0.24587 -0.146486
47 1533.33 1 83.7669 11.8075 792.694 0.177767 0.24619 -0.141804
48 1566.67 1 85.073 13.8842 792.891 0.198139 0.235174 -0.142018
49 1600 1 86.806 15.6196 798.853 0.208057 0.227415 -0.140545
50 1633.33 1 87.4356 17.0871 798.756 0.225824 0.227736 -0.143652
51 1666.67 1 87.2976 18.7243 795.23 0.231461 0.226647 -0.143448
52 1700 1 87.1111 20.7632 790.55 0.236187 0.22231 -0.136733
53 1733.33 1 82.4601 23.0207 783.733 0.18781 0.0164413 -0.0682994
54 1766.67 1 82.1865 24.2479 779.917 0.212034 0.0171748 -0.0718016
55 1800 1 82.0148 25.5504 780.898 0.24066 0.0190527 -0.0713393
56 1833.33 1 81.9597 26.8631 780.568 0.277643 0.0155467 -0.0710791
57 1866.67 1 82.9469 28.3322 789.086 0.303062 0.017858 -0.0777151
58 1900 1 83.5866 29.0421 790.765 0.325809 0.0430586 -0.0840996
59 1933.33 1 84.4017 29.0499 791.99 0.339164 0.075269 -0.0932268
60 1966.67 1 85.5398 28.7804 795.577 0.345559 0.106405 -0.101532
61 2000 1 86.2826 27.9346 791.13 0.34494 0.143221 -0.118003
62 2033.33 1 86.5577 26.7496 782.421 0.309515 0.172292 -0.130284
63 2066.67 1 88.4482 27.2268 788.235 0.23551 0.248371 -0.151305
64 2100 1 88.4402 27.3312 786.141 0.181366 0.270941 -0.143184
65 2133.33 1 88.3307 26.5122 784.03 0.168256 0.269819 -0.14545
66 2166.67 1 86.1609 25.781 785.267 0.187273 0.15125 -0.111053
67 2200 1 85.1094 25.9845 777.715 0.172068 0.143075 -0.111777
68 2233.33 1 84.9891 25.9413 776.09 0.176158 0.147968 -0.111114
69 2266.67 1 84.1322 26.0919 771.57 0.159676 0.133827 -0.117379
70 2300 1 84.3744 25.5201 773.957 0.160678 0.137509 -0.117373
71 2333.33 1 85.1252 24.5465 776.409 0.20705 0.142103 -0.113803
72 2366.67 1 85.4987 24.1136 795.577 0.227276 0.0963528 -0.0934364
73 2400 1 85.9382 22.2163 789.073 0.217965 0.129957 -0.120009
74 2433.33 1 86.6209 20.7692 789.239 0.22491 0.159217 -0.134976
75 2466.67 1 85.8691 22.1869 795.368 0.155426 0.0683838 -0.103077
76 2500 1 86.3518 21.8527 792.303 0.174031 0.11641 -0.114789
77 2533.33 1 86.7338 21.4375 789.523 0.211606 0.156126 -0.127704
78 2566.67 1 86.482 22.3967 795.371 0.174304 0.112691 -0.0996559
79 2600 1 87.7441 21.9967 793.324 0.20247 0.145619 -0.113752
80 2633.33 1 89.7892 23.3802 808.496 0.197065 0.129528 -0.095654
81 2666.67 1 91.3365 24.046 806.528 0.216314 0.146802 -0.103612
82 2700 1 90.846 24.1849 795.825 0.236576 0.160722 -0.112014
83 2733.33 1 91.2492 23.7297 789.363 0.244575 0.200975 -0.127266
84 2766.67 1 91.7699 23.0821 788.649 0.239008 0.196731 -0.127814
85 2800 1 91.4498 22.0876 784.541 0.231974 0.195277 -0.127668
86 2833.33 1 90.0751 22.6161 774.941 0.160021 0.156103 -0.0949244
87 2866.67 1 90.2974 23.5186 778.619 0.13465 0.151802 -0.0955012
88 2900 1 90.2934 23.3365 780.026 0.121277 0.152171 -0.0976562
89 2933.33 1 89.1853 23.044 766.661 0.0591371 0.148401 -0.115493
90 2966.67 1 89.2875 22.6634 768.511 0.0778887 0.157949 -0.1252
91 3000 1 88.858 22.9147 766.593 0.0706771 0.182075 -0.124975
92 3033.33 1 89.1773 22.3905 772.549 0.123925 0.225301 -0.116436
93 3066.67 1 88.2223 22.2059 768.462 0.131612 0.228003 -0.120776
94 3100 1 87.4942 22.0138 765.113 0.13198 0.223598 -0.120861
95 3133.33 1 86.267 22.1965 759.827 0.0690378 0.157521 -0.124864
96 3166.67 1 87.2657 22.2453 766.773 0.0570055 0.156221 -0.128674
97 3200 1 89.9866 22.8478 810.156 0.168283 0.0921945 -0.107337
98 3233.33 1 89.6909 23.2599 802.183 0.198192 0.119846 -0.119482
99 3266.67 1 89.5216 24.1208 794.446 0.235324 0.148085 -0.130631
100 3300 1 88.6663 25.5207 781.34 0.269984 0.168564 -0.131651
101 3333.33 1 90.7922 27.6982 794.414 0.268524 0.193857 -0.131918
102 3366.67 1 90.9188 28.2679 791.879 0.235539 0.215302 -0.118835
103 3400 1 90.6458 29.0967 783.384 0.167447 0.232826 -0.105738
104 3433.33 1 91.0572 30.4483 781.63 0.116399 0.230833 -0.0923113
105 3466.67 1 91.1977 29.9006 779.965 0.100612 0.226714 -0.0913996
106 3500 1 90.8988 27.4297 774.925 0.0949317 0.230615 -0.0912495
107 3533.33 1 91.1325 24.9155 778.327 0.0988683 0.236257 -0.0856505
108 3566.67 1 86.2889 23.6058 744.915 -0.00126043 0.140276 -0.0999555
109 3600 1 88.8596 20.014 778.041 0.166701 0.146773 -0.0873583
110 3633.33 1 87.9266 19.1473 774.221 0.114097 0.151628 -0.0957438
111 3666.67 1 88.726 18.8969 801.862 0.139945 0.091104 -0.0876359
112 3700 1 87.8145 17.1319 797.927 0.159208 0.148497 -0.10611
113 3733.33 1 86.654 15.4441 797.493 0.189754 0.181706 -0.123693
114 3766.67 1 85.7108 15.3447 795.144 0.202807 0.207213 -0.135027
115 3800 1 85.1097 16.7928 790.705 0.22984 0.220135 -0.147888
116 3833.33 1 84.9203 17.9594 786.097 0.232233 0.22178 -0.150633
117 3866.67 1 85.0581 17.8324 788.482 0.223696 0.233367 -0.150253
118 3900 1 80.8558 17.1838 777.591 0.154686 0.114808 -0.0989901
119 3933.33 1 79.8778 16.2698 775.46 0.127627 0.119498 -0.101105
120 3966.67 1 78.3795 15.4929 772.915 0.092137 0.0914606 -0.0998306
121 4000 1 78.8124 14.6421 776.365 0.120664 0.117735 -0.112429
122 4033.33 1 79.4249 13.2031 780.096 0.157717 0.156352 -0.122708
123 4066.67 1 79.9666 12.0478 784.006 0.185512 0.190237 -0.136068
124 4100 1 80.0263 11.9043 786.588 0.201244 0.21898 -0.14899
125 4133.33 1 80.2147 11.9985 786.595 0.203243 0.223744 -0.162299
126 4166.67 1 79.9461 12.5684 784.825 0.211793 0.224196 -0.174764
127 4200 1 81.1208 13.7814 786.554 0.210703 0.225231 -0.179517
128 4233.33 1 83.1941 14.4563 793.903 0.204992 0.224468 -0.179147
129 4266.67 1 84.8983 14.2451 798.737 0.192492 0.230408 -0.169871
130 4300 1 85.6565 13.6768 800.547 0.180357 0.236949 -0.165896
131 4333.33 1 85.7216 13.4439 797.923 0.183187 0.234807 -0.162023
132 4366.67 1 85.5499 13.7067 796.022 0.183249 0.24653 -0.159189
133 4400 1 85.6236 14.5585 792.096 0.19496 0.254097 -0.149935
134 4433.33 1 85.9207 15.2189 790.541 0.195576 0.247447 -0.145475
135 4466.67 1 86.005 15.351 790.849 0.18807 0.249486 -0.14165
136 4500 1 85.8262 15.3974 790.221 0.183233 0.255437 -0.141937
137 4533.33 1 85.2475 15.4894 788.962 0.185279 0.262268 -0.142981
138 4566.67 1 79.5573 16.5375 779.308 0.125181 0.0163507 -0.086379
139 4600 1 79.924 16.4273 780.775 0.138325 0.0265558 -0.100612
140 4633.33 1 79.703 16.3782 777.976 0.151776 0.0371528 -0.108443
141 4666.67 1 80.031 16.2063 776.488 0.16226 0.0501449 -0.115643
142 4700 1 81.4328 16.3318 782.256 0.176367 0.0645267 -0.115612
143 4733.33 1 83.1769 15.9684 793.083 0.194106 0.102867 -0.11609
144 4766.67 1 84.6506 12.4738 800.97 0.186617 0.136365 -0.125261
145 4800 1 84.5208 7.67295 806.417 0.171588 0.150212 -0.130769
146 4833.33 1 83.5691 4.24018 810.105 0.159121 0.173478 -0.134552
147 4866.67 1 83.358 3.04623 807.595 0.143831 0.199067 -0.133273
148 4900 1 83.5371 3.40917 807.678 0.148298 0.210924 -0.129243
149 4933.33 1 83.8402 4.8507 808 0.16345 0.22213 -0.13496
150 4966.67 1 83.9949 7.60117 806.409 0.198001 0.229684 -0.142652
151 5000 1 84.0638 10.6444 799.513 0.223044 0.237402 -0.142476
152 5033.33 1 85.0069 12.0867 803.756 0.219885 0.232539 -0.142266
153 5066.67 1 85.3829 13.8835 803.438 0.225369 0.231995 -0.138238
154 5100 1 84.8622 16.1154 799.771 0.248151 0.232402 -0.143176
155 5133.33 1 80.828 17.9199 775.276 0.143988 0.120442 -0.0922465
156 5166.67 1 81.563 16.7191 772.187 0.176064 0.159117 -0.109758
157 5200 1 82.0706 15.5877 773.161 0.198643 0.196318 -0.118225
158 5233.33 1 83.6415 15.3291 783.975 0.215888 0.232287 -0.12733
159 5266.67 1 84.6169 15.4454 788.285 0.216556 0.244369 -0.131977
160 5300 1 81.611 17.0307 777.536 0.171444 0.164117 -0.087741
161 5333.33 1 83.4095 17.0467 786.98 0.209764 0.206729 -0.0916607
162 5366.67 1 83.6533 18.5896 774.073 0.136789 0.312945 -0.117982
163 5400 1 83.0033 19.163 767.212 0.106517 0.332832 -0.12214
164 5433.33 1 82.9721 19.1276 766.018 0.108711 0.333418 -0.125081
165 5466.67 1 81.8167 18.2885 780.813 0.180663 0.165525 -0.094608
166 5500 1 82.9136 17.6226 783.449 0.189735 0.222928 -0.101553
167 5533.33 1 84.0454 18.221 773.516 0.119693 0.31498 -0.126048
168 5566.67 1 84.6133 17.7636 779.588 0.130578 0.306908 -0.123573
169 5600 1 84.9031 17.399 776.81 0.150353 0.309877 -0.137023
170 5633.33 1 85.6866 17.3984 779.981 0.158305 0.299326 -0.142558
171 5666.67 1 85.4094 17.3586 777.425 0.157768 0.30421 -0.143424
172 5700 1 85.3715 17.2334 776.197 0.162505 0.304392 -0.145995
173 5733.33 1 85.4149 17.0047 776.958 0.160093 0.306265 -0.151832
174 5766.67 1 85.5353 16.9257 778.229 0.163525 0.305889 -0.154463
175 5800 1 85.5144 16.4118 780.133 0.170305 0.290901 -0.145213
176 5833.33 1 82.1375 16.454 772.863 0.161343 0.136717 -0.0876108
177 5866.67 1 82.737 15.4856 768.85 0.182672 0.163381 -0.102602
178 5900 1 84.6531 14.5782 783.85 0.196214 0.21535 -0.11311
179 5933.33 1 83.384 13.4944 775.207 0.157474 0.178936 -0.098148
180 5966.67 1 85.1897 12.1802 785.363 0.169891 0.219397 -0.111932
181 6000 1 85.435 10.8051 789.381 0.15866 0.253617 -0.134781
182 6033.33 1 83.9473 9.09238 784.604 0.140454 0.285503 -0.156397
183 6066.67 1 81.7441 7.70958 779.754 0.132663 0.309812 -0.175244
184 6100 1 79.4809 7.75059 780.702 0.136998 0.320581 -0.206304
185 6133.33 1 78.7228 9.61219 788.191 0.161396 0.318413 -0.237465
186 6166.67 1 78.5126 12.3677 791.915 0.186037 0.311527 -0.257856
187 6200 1 78.0928 15.3855 789.673 0.199333 0.308421 -0.271486
188 6233.33 1 77.9441 18.273 788.738 0.203249 0.307334 -0.278641
189 6266.67 1 77.8593 19.181 789.699 0.193715 0.311104 -0.276345
190 6300 1 77.7565 17.8718 789.856 0.176016 0.311194 -0.271987
191 6333.33 1 77.0975 15.9475 785.053 0.16849 0.316089 -0.273006
192 6366.67 1 77.6311 14.5704 786.336 0.158653 0.31788 -0.271478
193 6400 1 77.4603 13.3837 783.976 0.152377 0.322164 -0.267698
194 6433.33 1 78.7506 13.0396 788.57 0.154093 0.31696 -0.259185
195 6466.67 1 79.4202 12.6381 790.425 0.161618 0.315383 -0.241233
196 6500 1 80.4821 11.0689 796.396 0.135508 0.321194 -0.219364
197 6533.33 1 81.3587 8.64678 798.042 0.110464 0.319423 -0.199601
