1 0 1 -55.6179 -75.6364 1499.09 -0.103215 -0.232059 -0.0965447
2 33.3333 1 -55.8147 -77.7024 1519.37 -0.0889796 -0.253836 -0.126252
3 66.6667 1 -55.4493 -77.8039 1518.15 -0.0851033 -0.25676 -0.13157
4 100 1 -55.5731 -77.9994 1519.76 -0.0827619 -0.264287 -0.130429
5 133.333 1 -56.8817 -77.9897 1520.55 -0.0743863 -0.274709 -0.128303
6 166.667 1 -58.0527 -77.4775 1518.97 -0.0812633 -0.273811 -0.133457
7 200 1 -58.8837 -77.5722 1520.68 -0.0776606 -0.272516 -0.131835
8 233.333 1 -60.8947 -78.884 1540.72 -0.0673898 -0.257621 -0.129152
9 266.667 1 -61.5991 -80.7364 1559.51 -0.0735309 -0.253575 -0.131709
10 300 1 -61.3367 -81.8284 1571.25 -0.0906406 -0.25486 -0.145786
11 333.333 1 -61.0748 -81.5496 1576.2 -0.0927676 -0.250786 -0.144036
12 366.667 1 -60.5929 -79.2338 1574.42 -0.0658039 -0.243304 -0.127276
13 400 1 -58.1426 -75.9121 1553.34 -0.0678837 -0.252222 -0.119355
14 433.333 1 -56.6477 -72.9087 1533.24 -0.0581535 -0.249911 -0.108351
15 466.667 1 -56.409 -72.1032 1536.6 -0.0525319 -0.247892 -0.0971903
16 500 1 -55.1976 -71.5974 1539.73 -0.0429064 -0.26249 -0.0849294
17 533.333 1 -54.346 -70.5543 1542.96 -0.0284299 -0.255419 -0.0703678
18 566.667 1 -53.2134 -69.212 1539.41 -0.0172577 -0.261388 -0.0607842
19 600 1 -52.0545 -67.4495 1531.96 -0.00428327 -0.261899 -0.0524314
20 633.333 1 -51.1521 -66.663 1539.87 0.00389161 -0.26988 -0.0461372
21 666.667 1 -50.8131 -66.2579 1550.51 0.0169932 -0.270387 -0.0342658
22 700 1 -50.5032 -66.3094 1568.29 0.0230458 -0.273951 -0.0256887
23 733.333 1 -50.2209 -64.1633 1560.27 0.0439935 -0.262857 -0.0116128
24 766.667 1 -49.9356 -61.7091 1551.58 0.0653645 -0.255772 -0.00661809
25 800 1 -49.534 -59.7916 1552.85 0.0758618 -0.25643 0.000263695
26 833.333 1 -49.0378 -58.5042 1548.2 0.0882176 -0.265651 0.0114402
27 866.667 1 -48.2975 -57.3276 1539.12 0.104123 -0.2619 0.01697
28 900 1 -47.2321 -56.3544 1527.11 0.106863 -0.263779 0.0146163
29 933.333 1 -46.7081 -56.3405 1525.59 0.105411 -0.263532 0.0142591
30 966.667 1 -46.7092 -57.6916 1536.83 0.0925201 -0.262017 0.0126192
31 1000 1 -47.2735 -58.7313 1550.3 0.0836063 -0.260372 0.0168608
32 1033.33 1 -46.7785 -57.7379 1543.87 0.0969843 -0.263169 0.0253358
33 1066.67 1 -45.9636 -56.013 1525.29 0.0976258 -0.259729 0.0271858
34 1100 1 -45.3426 -55.1909 1519.68 0.10039 -0.2576 0.0315428
35 1133.33 1 -44.8277 -55.2654 1519.59 0.0917745 -0.251329 0.0268683
36 1166.67 1 -44.9739 -55.531 1523.11 0.0915556 -0.250296 0.0246792
37 1200 1 -45.1588 -55.4264 1522.94 0.0949023 -0.244801 0.0263962
38 1233.33 1 -45.5082 -55.5119 1526.86 0.0947033 -0.2562 0.0273536
39 1266.67 1 -45.5656 -56.146 1532.47 0.0878845 -0.261814 0.0236751
40 1300 1 -45.6572 -56.6252 1537.38 0.078077 -0.260999 0.0214252
41 1333.33 1 -45.3958 -56.2438 1531.84 0.079588 -0.259462 0.0198519
42 1366.67 1 -44.6042 -55.4489 1521.39 0.0786698 -0.268233 0.0145183
43 1400 1 -44.9138 -56.2979 1522.55 0.0644049 -0.263518 0.0229503
44 1433.33 1 -44.9744 -56.6569 1526.5 0.0763123 -0.268071 0.0271777
45 1466.67 1 -44.9864 -58.5747 1546.47 0.0743914 -0.277788 0.0222573
46 1500 1 -44.7753 -59.6402 1549.76 0.0717879 -0.275651 0.0195596
47 1533.33 1 -44.2143 -59.3032 1543.39 0.0698145 -0.270299 0.0143524
48 1566.67 1 -43.9266 -59.1958 1543.66 0.0682047 -0.270014 0.0123462
49 1600 1 -43.5883 -58.863 1542.62 0.0690456 -0.275593 0.0125792
50 1633.33 1 -43.684 -58.6962 1540.69 0.0737837 -0.273018 0.0177413
51 1666.67 1 -43.2772 -58.3628 1538.19 0.0720049 -0.269391 0.0174078
52 1700 1 -43.2935 -58.4076 1537.66 0.0710116 -0.268471 0.0175064
53 1733.33 1 -43.291 -58.3584 1536.42 0.0690311 -0.265741 0.0177889
54 1766.67 1 -43.3864 -58.1891 1534.98 0.0730415 -0.260947 0.0206409
55 1800 1 -43.651 -57.9297 1534.04 0.0792776 -0.258957 0.0238147
56 1833.33 1 -43.8152 -57.6483 1531.56 0.0844377 -0.256801 0.0264322
57 1866.67 1 -43.9252 -57.6804 1531.94 0.0849735 -0.259934 0.0251798
58 1900 1 -44.0671 -57.6555 1531.43 0.085388 -0.262947 0.0231447
59 1933.33 1 -44.1938 -57.6858 1532.87 0.0856352 -0.265019 0.0222818
60 1966.67 1 -44.3317 -57.4403 1530 0.0854619 -0.260651 0.0225017
61 2000 1 -44.1608 -57.3539 1525.71 0.0795333 -0.257034 0.0164637
62 2033.33 1 -44.4969 -57.8873 1528.15 0.0736592 -0.254717 0.0131289
63 2066.67 1 -45.3921 -58.3615 1524.48 0.0720268 -0.250336 0.0140371
64 2100 1 -47.2986 -59.5703 1527.96 0.0751365 -0.225262 0.0258653
65 2133.33 1 -50.3458 -59.9119 1526.01 0.0908883 -0.184361 0.0410288
66 2166.67 1 -53.4042 -60.091 1536.39 0.0986208 -0.154403 0.067522
67 2200 1 -51.6537 -57.9643 1509.5 0.0916673 -0.112982 0.121008
68 2233.33 1 -48.6806 -57.8715 1520.78 0.1031 -0.149222 0.140512
69 2266.67 1 -42.3383 -58.0327 1530.15 0.0994769 -0.247377 0.126036
70 2300 1 -35.4651 -57.9903 1530.56 0.101558 -0.315132 0.109512
71 2333.33 1 -31.1841 -57.0102 1520.02 0.115152 -0.336049 0.11579
72 2366.67 1 -30.2376 -56.6895 1519.09 0.126467 -0.333076 0.127275
73 2400 1 -30.7869 -56.1882 1520.16 0.117936 -0.322622 0.140962
74 2433.33 1 -30.6754 -55.4632 1509.43 0.126286 -0.308271 0.148852
75 2466.67 1 -27.9744 -54.979 1503.76 0.118427 -0.335556 0.146057
76 2500 1 -26.0624 -54.7828 1507.96 0.124357 -0.343562 0.143353
77 2533.33 1 -25.577 -54.8761 1508.65 0.120213 -0.342695 0.137273
78 2566.67 1 -26.5965 -55.1175 1513.15 0.120131 -0.333408 0.138409
79 2600 1 -27.7296 -55.3375 1516.93 0.121816 -0.324098 0.142163
80 2633.33 1 -28.1344 -56.1496 1525.01 0.110214 -0.326469 0.141475
81 2666.67 1 -28.1584 -56.2773 1526.84 0.103076 -0.326524 0.139286
82 2700 1 -28.7562 -56.2104 1530.18 0.0985662 -0.321403 0.134143
83 2733.33 1 -29.3776 -55.7636 1530.09 0.104405 -0.31847 0.138109
84 2766.67 1 -29.3251 -54.899 1527.61 0.108763 -0.326891 0.132393
85 2800 1 -30.2843 -54.9058 1545.98 0.0930546 -0.327035 0.128865
86 2833.33 1 -30.9754 -56.1287 1554.36 0.0725883 -0.323347 0.120926
87 2866.67 1 -32.2338 -58.7157 1560.45 0.0586652 -0.311159 0.111414
88 2900 1 -32.8707 -59.4403 1546.75 0.063398 -0.305989 0.106443
89 2933.33 1 -32.7684 -60.093 1533.92 0.0745093 -0.329174 0.101396
90 2966.67 1 -33.1051 -60.744 1520.88 0.071832 -0.32307 0.0918291
91 3000 1 -34.2749 -62.7365 1514.79 0.0674844 -0.306924 0.0839808
92 3033.33 1 -34.7276 -64.231 1509.82 0.044007 -0.301172 0.0689886
93 3066.67 1 -36.4867 -66.3968 1511.68 0.0250195 -0.30742 0.0496849
94 3100 1 -38.1242 -68.6779 1510.62 -0.00056277 -0.307239 0.0254897
95 3133.33 1 -40.5051 -71.6597 1519.4 -0.0310912 -0.299221 -0.00421217
96 3166.67 1 -43.3402 -72.0899 1509.77 -0.0344338 -0.285995 -0.0248738
97 3200 1 -45.9972 -73.1689 1511.5 -0.0384725 -0.290737 -0.0351109
98 3233.33 1 -48.3552 -72.9391 1504.42 -0.0372336 -0.264159 -0.0389172
99 3266.67 1 -50.1012 -73.1022 1505.05 -0.0419102 -0.264668 -0.0431934
100 3300 1 -51.8261 -73.1603 1502.98 -0.040394 -0.262803 -0.0479315
101 3333.33 1 -53.8328 -74.1134 1508.45 -0.0360167 -0.259109 -0.059031
102 3366.67 1 -55.0672 -74.6762 1503.82 -0.0333215 -0.248623 -0.0694406
103 3400 1 -56.1696 -75.3927 1506.85 -0.0289478 -0.242559 -0.0716819
104 3433.33 1 -56.7806 -75.6742 1506.47 -0.0265299 -0.245686 -0.0769808
105 3466.67 1 -57.3509 -75.9872 1511.74 -0.027812 -0.246298 -0.0779474
106 3500 1 -58.6227 -75.5895 1509.83 -0.0143939 -0.257871 -0.0739555
107 3533.33 1 -59.1348 -75.4317 1508.04 -0.00642821 -0.260631 -0.0660486
108 3566.67 1 -59.447 -75.0442 1501.95 -0.00212315 -0.265936 -0.0684744
109 3600 1 -60.5405 -75.0526 1507.39 -0.00553026 -0.263769 -0.0709963
110 3633.33 1 -60.7887 -75.1034 1505.34 -0.00966325 -0.258018 -0.0708119
111 3666.67 1 -60.9903 -74.8768 1509.62 -0.0181426 -0.262787 -0.0766668
112 3700 1 -61.2343 -74.4196 1511.15 -0.0179243 -0.267058 -0.0793082
113 3733.33 1 -61.3121 -73.3954 1507.64 -0.00573276 -0.261343 -0.080252
114 3766.67 1 -61.5253 -72.8036 1511.69 -0.00428678 -0.263409 -0.077835
115 3800 1 -61.9712 -72.625 1521.26 0.00668737 -0.259059 -0.0737172
116 3833.33 1 -62.2216 -73.0286 1548.51 0.00144809 -0.267396 -0.078834
117 3866.67 1 -61.9836 -72.8783 1580.21 -0.0218111 -0.268867 -0.081944
118 3900 1 -61.332 -72.8338 1593.37 -0.0331855 -0.268694 -0.0779727
119 3933.33 1 -59.8355 -72.8191 1584.58 -0.0175956 -0.267977 -0.0688746
120 3966.67 1 -58.0449 -72.08 1567.17 -0.00849455 -0.266114 -0.0642104
121 4000 1 -56.5908 -70.212 1543.36 0.00745716 -0.25721 -0.0592718
122 4033.33 1 -56.1525 -69.7625 1539.53 0.0059543 -0.252254 -0.0602856
123 4066.67 1 -56.0816 -69.0622 1538.31 0.0148322 -0.24953 -0.0569613
124 4100 1 -56.0979 -69.1441 1541.21 0.0148109 -0.252267 -0.0548283
125 4133.33 1 -56.7305 -70.2329 1553.46 0.00498244 -0.249008 -0.0547321
126 4166.67 1 -56.6241 -70.3821 1552.32 5.25505e-005 -0.253355 -0.0536271
127 4200 1 -56.9063 -69.3105 1536.47 0.00240965 -0.255001 -0.052211
128 4233.33 1 -58.4211 -68.6654 1531.42 0.0116811 -0.252729 -0.0550246
129 4266.67 1 -58.8801 -67.3668 1522.37 0.0278121 -0.253739 -0.0484918
130 4300 1 -58.2805 -66.3264 1511.21 0.0382981 -0.254286 -0.04984
131 4333.33 1 -57.138 -65.9014 1507.25 0.0368578 -0.252798 -0.0505367
132 4366.67 1 -55.9389 -65.6499 1512.18 0.0526586 -0.251409 -0.0409704
133 4400 1 -54.7883 -66.3326 1527.47 0.0591333 -0.257103 -0.0484981
134 4433.33 1 -53.4255 -65.9646 1535.55 0.0573457 -0.264366 -0.0454214
135 4466.67 1 -52.5938 -64.6887 1534.55 0.0646497 -0.269224 -0.0385696
136 4500 1 -51.4231 -62.734 1523.22 0.0693856 -0.270294 -0.0345974
137 4533.33 1 -51.601 -61.7571 1526.48 0.0720266 -0.272171 -0.036861
138 4566.67 1 -51.3947 -60.3175 1514.99 0.0793714 -0.265216 -0.0317022
139 4600 1 -51.7402 -60.212 1517.78 0.0714331 -0.263894 -0.026809
140 4633.33 1 -53.0354 -60.1965 1520 0.0700078 -0.261927 -0.0322338
141 4666.67 1 -53.5798 -59.8933 1512.5 0.0676657 -0.254301 -0.0283403
142 4700 1 -54.6219 -60.5457 1518.53 0.0603232 -0.258047 -0.0345352
143 4733.33 1 -55.0198 -60.8506 1519.55 0.0544164 -0.265495 -0.0411139
144 4766.67 1 -55.8657 -61.0597 1520.63 0.0662544 -0.257507 -0.0361209
145 4800 1 -57.6753 -62.4235 1537 0.0632647 -0.239453 -0.0264024
146 4833.33 1 -58.4604 -63.0031 1543.37 0.0612311 -0.236643 -0.0242301
147 4866.67 1 -58.0196 -62.5048 1535.6 0.0583145 -0.240749 -0.0249946
148 4900 1 -58.1976 -62.2538 1536.22 0.0629799 -0.243262 -0.0240147
149 4933.33 1 -56.6662 -62.451 1540.88 0.0604856 -0.249632 -0.0227379
150 4966.67 1 -55.7182 -63.0756 1549.52 0.0517836 -0.255693 -0.0198659
151 5000 1 -54.1742 -62.7029 1542.61 0.0488122 -0.263212 -0.0211443
152 5033.33 1 -53.3052 -61.4455 1529.95 0.0588176 -0.262095 -0.019026
153 5066.67 1 -52.2366 -60.3387 1515.31 0.0642554 -0.265491 -0.0180328
154 5100 1 -51.108 -59.9183 1511.68 0.0629401 -0.263779 -0.0210156
155 5133.33 1 -52.931 -60.3108 1545.94 0.0450183 -0.260647 -0.0237281
156 5166.67 1 -53.6642 -60.6821 1555.09 0.0366587 -0.258347 -0.0227759
157 5200 1 -53.8451 -61.4013 1554.81 0.0463935 -0.261407 -0.0246407
158 5233.33 1 -54.6565 -62.5783 1560.92 0.04538 -0.255426 -0.0359196
159 5266.67 1 -54.8691 -64.2642 1562.78 0.0412105 -0.260395 -0.0424242
160 5300 1 -55.8873 -65.0562 1564.32 0.0333806 -0.258903 -0.0501028
161 5333.33 1 -56.2699 -64.4828 1550.23 0.0313093 -0.266118 -0.0599669
162 5366.67 1 -57.1437 -63.8251 1542.36 0.034735 -0.262795 -0.065486
163 5400 1 -58.0513 -63.2488 1536.65 0.0336787 -0.27 -0.0663044
164 5433.33 1 -59.0096 -62.9852 1535.14 0.0393394 -0.260491 -0.0692096
165 5466.67 1 -59.8779 -62.3744 1536.32 0.0464302 -0.247486 -0.0657317
166 5500 1 -61.1643 -61.9821 1547.31 0.0467146 -0.253233 -0.07091
167 5533.33 1 -61.866 -62.2402 1554.16 0.0501827 -0.238736 -0.0667746
168 5566.67 1 -61.2441 -61.211 1545.24 0.0520859 -0.245656 -0.0630199
169 5600 1 -60.0319 -59.9771 1543.11 0.0601639 -0.256173 -0.057431
170 5633.33 1 -58.6282 -59.4995 1548.54 0.0572935 -0.266128 -0.050615
171 5666.67 1 -56.3613 -59.2522 1547.27 0.0663744 -0.262867 -0.0359278
172 5700 1 -54.4975 -58.7626 1552.69 0.0719505 -0.273531 -0.0230061
173 5733.33 1 -51.5545 -57.4636 1546.15 0.0748156 -0.273245 -0.0152515
174 5766.67 1 -48.9891 -56.7587 1553.28 0.075183 -0.286312 -0.00474601
175 5800 1 -45.4067 -55.4491 1543.23 0.0896664 -0.301937 0.0176881
176 5833.33 1 -42.3439 -54.4101 1548.33 0.0953538 -0.306406 0.030485
177 5866.67 1 -39.3158 -53.3383 1542.7 0.103699 -0.315749 0.0455817
178 5900 1 -35.7528 -52.344 1537.61 0.103245 -0.318844 0.0578192
179 5933.33 1 -32.7997 -50.9629 1527.59 0.11009 -0.319127 0.0716689
180 5966.67 1 -29.9494 -49.6255 1516.94 0.117688 -0.328111 0.0939214
181 6000 1 -27.16 -48.6914 1512.2 0.120809 -0.335598 0.10247
182 6033.33 1 -24.4131 -48.2665 1513.77 0.124304 -0.334592 0.112903
183 6066.67 1 -23.0418 -48.1614 1513.9 0.123317 -0.339199 0.114818
184 6100 1 -21.854 -47.7361 1511.58 0.119356 -0.333246 0.122475
185 6133.33 1 -21.5623 -47.7795 1511.26 0.117442 -0.337101 0.118971
186 6166.67 1 -22.4452 -49.1969 1529.02 0.112401 -0.327813 0.12872
187 6200 1 -23.3525 -50.7655 1546.32 0.0992357 -0.329335 0.117322
188 6233.33 1 -24.7136 -51.1244 1548.38 0.0981723 -0.328566 0.112257
189 6266.67 1 -27.3838 -50.8318 1544.15 0.111228 -0.307628 0.108265
190 6300 1 -29.2328 -50.2912 1538.76 0.124377 -0.313545 0.105878
191 6333.33 1 -32.0907 -50.2706 1534.7 0.127551 -0.307623 0.0967337
192 6366.67 1 -34.3458 -50.6376 1534.99 0.127048 -0.298817 0.0850346
193 6400 1 -37.0453 -51.2694 1550.84 0.101922 -0.301619 0.0651602
194 6433.33 1 -40.0613 -51.3709 1568.18 0.085716 -0.311441 0.0434669
195 6466.67 1 -42.9752 -52.4593 1571.4 0.074356 -0.306153 0.0222432
196 6500 1 -46.2356 -54.522 1578.4 0.072327 -0.300536 0.00722973
197 6533.33 1 -49.0492 -55.1147 1560.59 0.0687922 -0.277915 -0.0204857
198 6566.67 1 -52.0721 -54.4638 1539.09 0.0776004 -0.266578 -0.0308432
199 6600 1 -54.49 -53.7116 1521.42 0.0743001 -0.281665 -0.0574601
200 6633.33 1 -59.1542 -53.5705 1519.6 0.0726041 -0.252759 -0.0655187
201 6666.67 1 -64.302 -55.1705 1536.36 0.0684264 -0.234884 -0.0651799
202 6700 1 -68.4006 -55.408 1530.79 0.0720695 -0.213097 -0.0724153
203 6733.33 1 -72.1116 -55.547 1532.59 0.0805923 -0.207218 -0.0790515
204 6766.67 1 -75.2656 -55.7794 1535.43 0.078461 -0.208212 -0.0799682
205 6800 1 -77.8963 -55.7391 1533.05 0.0835172 -0.200195 -0.0786178
206 6833.33 1 -81.0752 -55.9405 1539.46 0.0906428 -0.193571 -0.0843209
207 6866.67 1 -83.3562 -56.0431 1543.08 0.0866773 -0.203543 -0.0877104
208 6900 1 -85.403 -55.8169 1540.22 0.0832622 -0.189216 -0.088998
209 6933.33 1 -85.8622 -55.7963 1538.07 0.0813537 -0.18322 -0.0898428
210 6966.67 1 -86.3116 -56.236 1543.72 0.0837588 -0.188777 -0.0927695
211 7000 1 -86.3884 -57.4685 1546.67 0.0780352 -0.196524 -0.0976919
212 7033.33 1 -86.2152 -58.8259 1550.56 0.0807022 -0.203083 -0.0925238
213 7066.67 1 -86.3836 -59.9152 1563 0.0773419 -0.195974 -0.0955831
214 7100 1 -85.7622 -61.1465 1562.38 0.0720128 -0.206994 -0.0994153
215 7133.33 1 -85.7416 -62.2649 1573.27 0.0628586 -0.206006 -0.0971005
216 7166.67 1 -84.8295 -63.7262 1575.75 0.0593496 -0.208577 -0.100378
217 7200 1 -84.4803 -64.982 1579.37 0.053815 -0.202407 -0.103161
218 7233.33 1 -83.5522 -66.2722 1580.77 0.0345762 -0.217451 -0.100585
219 7266.67 1 -82.6709 -66.6323 1574.85 0.0112941 -0.218136 -0.102256
220 7300 1 -81.9672 -65.5459 1557.7 0.0145732 -0.206726 -0.089092
221 7333.33 1 -81.0987 -65.6083 1549.93 0.0265134 -0.205834 -0.0851226
222 7366.67 1 -80.4148 -66.0264 1541.64 0.0379538 -0.201276 -0.078774
223 7400 1 -81.2302 -67.236 1547.44 0.0332704 -0.216896 -0.0787086
224 7433.33 1 -82.7016 -67.9702 1550.3 0.0437984 -0.203971 -0.0731248
225 7466.67 1 -85.4907 -69.7782 1571.13 0.0427625 -0.197775 -0.0743297
226 7500 1 -87.3686 -71.0212 1576.7 0.0303626 -0.191894 -0.0766249
227 7533.33 1 -89.4425 -72.4935 1579.35 0.0285865 -0.191902 -0.0857401
228 7566.67 1 -89.9178 -72.3255 1561.5 0.0200332 -0.195694 -0.101124
229 7600 1 -90.5476 -72.6119 1551.7 0.0145328 -0.175727 -0.107032
230 7633.33 1 -91.2696 -72.4892 1547.33 0.00818746 -0.1728 -0.112302
231 7666.67 1 -91.5324 -73.7286 1544.71 -0.0042684 -0.166368 -0.120301
232 7700 1 -92.0614 -74.2496 1548.11 -0.0103229 -0.166006 -0.123807
233 7733.33 1 -90.9886 -75.1692 1540.75 -0.0146278 -0.167889 -0.12123
234 7766.67 1 -90.3241 -75.8514 1539.89 -0.0150727 -0.167029 -0.116426
235 7800 1 -89.6186 -75.9616 1533.54 -0.0193769 -0.175849 -0.12275
236 7833.33 1 -88.9314 -75.9333 1522.61 -0.0200143 -0.183176 -0.12534
237 7866.67 1 -89.0317 -76.0992 1522.59 -0.0127332 -0.190824 -0.126442
238 7900 1 -88.7496 -75.5375 1516.37 -0.0121655 -0.188628 -0.123475
239 7933.33 1 -88.1068 -75.0505 1510.73 -0.0171317 -0.18235 -0.12462
240 7966.67 1 -88.0829 -74.9126 1510.45 -0.0150872 -0.18654 -0.130187
241 8000 1 -87.6668 -74.6721 1505.01 -0.0137253 -0.187226 -0.13449
242 8033.33 1 -87.8527 -74.5552 1504.79 -0.00716192 -0.187738 -0.130902
243 8066.67 1 -88.4545 -75.7 1517.91 -0.0104317 -0.19892 -0.132171
244 8100 1 -90.1361 -77.0248 1533.14 -0.0104155 -0.184427 -0.124658
245 8133.33 1 -91.0541 -78.0685 1548.09 -0.0247101 -0.180134 -0.119374
246 8166.67 1 -90.8556 -78.3478 1550.94 -0.0316204 -0.184945 -0.115821
247 8200 1 -90.0026 -78.8881 1554.41 -0.0300935 -0.202669 -0.112475
248 8233.33 1 -90.0283 -79.2836 1560.39 -0.0269709 -0.21067 -0.10299
249 8266.67 1 -89.8995 -79.2634 1558.87 -0.0334412 -0.20645 -0.0994958
250 8300 1 -90.4729 -79.6326 1559.56 -0.0361324 -0.219501 -0.0931344
251 8333.33 1 -92.0601 -79.9287 1551.83 -0.0411995 -0.217296 -0.0969921
252 8366.67 1 -94.1596 -80.7775 1560.03 -0.0498181 -0.218447 -0.0976807
253 8400 1 -94.9708 -80.9678 1560.46 -0.0594343 -0.234315 -0.10163
254 8433.33 1 -95.7879 -81.5921 1566.72 -0.0769948 -0.262349 -0.110671
255 8466.67 1 -97.4742 -80.9669 1557.88 -0.0833966 -0.25879 -0.117599
256 8500 1 -100.126 -80.9343 1558.04 -0.0937943 -0.245257 -0.131125
257 8533.33 1 -104.284 -80.7318 1559.11 -0.0918825 -0.225068 -0.135195
258 8566.67 1 -107.696 -79.998 1556.15 -0.0730733 -0.207848 -0.131504
259 8600 1 -109.108 -79.5643 1548.1 -0.0513329 -0.213849 -0.13239
260 8633.33 1 -106.482 -78.059 1512.88 -0.0531902 -0.20916 -0.13822
261 8666.67 1 -105.609 -78.1172 1500.48 -0.0597743 -0.211095 -0.13517
262 8700 1 -105.261 -78.118 1497.01 -0.062913 -0.222803 -0.131273
263 8733.33 1 -105.314 -76.624 1488.9 -0.0374253 -0.218414 -0.111684
264 8766.67 1 -107.874 -75.4738 1498.85 -0.00550969 -0.204071 -0.088212
265 8800 1 -110.227 -75.2285 1518.13 -0.00185628 -0.18994 -0.0765167
266 8833.33 1 -110.546 -74.1229 1525.46 0.0132791 -0.204359 -0.0756486
267 8866.67 1 -111.651 -72.4432 1529.81 0.0247318 -0.199267 -0.0760461
268 8900 1 -112.041 -70.6544 1529.54 0.0291962 -0.200378 -0.0745136
269 8933.33 1 -111.853 -69.455 1525.08 0.0353686 -0.204309 -0.0730377
270 8966.67 1 -109.845 -67.9435 1506.57 0.0340762 -0.22488 -0.080037
271 9000 1 -109.282 -67.3486 1500.7 0.0222567 -0.229106 -0.0819796
272 9033.33 1 -109.054 -66.7376 1494.07 0.027632 -0.227047 -0.0772645
273 9066.67 1 -108.942 -67.4626 1499.2 0.0393428 -0.234439 -0.0757879
274 9100 1 -109.518 -68.9855 1510.99 0.0344356 -0.219766 -0.0664298
275 9133.33 1 -109.486 -70.1877 1520.52 0.0240079 -0.227 -0.0693321
276 9166.67 1 -108.247 -70.4261 1517.66 0.0275363 -0.227483 -0.0651758
277 9200 1 -106.352 -69.7663 1507.97 0.0330411 -0.227759 -0.0615348
278 9233.33 1 -104.64 -69.6442 1508.3 0.0307399 -0.248618 -0.0651523
279 9266.67 1 -103.427 -69.7029 1508.7 0.0310129 -0.250731 -0.0635319
280 9300 1 -102.015 -69.6141 1507.97 0.0311375 -0.258567 -0.0663565
281 9333.33 1 -100.868 -69.6689 1511.91 0.0312456 -0.264527 -0.0657824
282 9366.67 1 -99.9354 -69.2251 1513.27 0.0342979 -0.26981 -0.0541308
283 9400 1 -100.207 -69.4709 1523.48 0.034871 -0.274547 -0.0619039
284 9433.33 1 -100.08 -68.444 1525.48 0.03803 -0.264297 -0.0600104
285 9466.67 1 -100.126 -66.8165 1524.04 0.0392102 -0.257464 -0.0576006
286 9500 1 -100.105 -65.0437 1522.42 0.0470669 -0.255699 -0.0515738
287 9533.33 1 -98.6894 -63.5362 1521.69 0.0489354 -0.276787 -0.0477306
288 9566.67 1 -98.3378 -62.3383 1526.87 0.0620428 -0.279723 -0.0336236
289 9600 1 -95.8889 -60.6537 1512.73 0.063908 -0.294408 -0.0264996
290 9633.33 1 -94.52 -60.3494 1511.02 0.0571889 -0.306006 -0.0282386
291 9666.67 1 -95.098 -60.6406 1526.25 0.0515959 -0.297018 -0.0302477
292 9700 1 -95.3008 -60.6151 1538.57 0.0544192 -0.293221 -0.0257588
293 9733.33 1 -95.2997 -59.6717 1544.05 0.0673056 -0.286192 -0.0232833
294 9766.67 1 -95.3561 -58.3738 1547.09 0.0711443 -0.283188 -0.0265636
295 9800 1 -95.163 -57.2062 1549.12 0.0839099 -0.284961 -0.0213777
296 9833.33 1 -94.7832 -56.3398 1553.34 0.0833319 -0.28372 -0.0288863
297 9866.67 1 -94.3699 -56.2635 1555.28 0.0797261 -0.290011 -0.0302949
298 9900 1 -93.3485 -55.6867 1545.33 0.0840523 -0.279995 -0.02558
299 9933.33 1 -92.4612 -55.4127 1539.53 0.0886187 -0.286036 -0.0273933
300 9966.67 1 -91.8643 -56.0025 1537.14 0.0816856 -0.289491 -0.0290004
301 10000 1 -91.5463 -57.0537 1532.15 0.080042 -0.281204 -0.0284995
302 10033.3 1 -91.4927 -58.8732 1539.32 0.0768949 -0.29049 -0.0296212
303 10066.7 1 -91.909 -60.2318 1544.1 0.0744859 -0.283176 -0.0345614
304 10100 1 -92.01 -60.3921 1545.14 0.0742679 -0.280347 -0.0328545
305 10133.3 1 -92.4462 -60.5223 1544.55 0.0719543 -0.276853 -0.0328431
306 10166.7 1 -92.4938 -60.9135 1546.94 0.0549415 -0.279763 -0.0405561
307 10200 1 -92.5921 -62.1394 1551.93 0.0376907 -0.283149 -0.0465817
308 10233.3 1 -91.3999 -64.0932 1536.25 0.030971 -0.287196 -0.0518155
309 10266.7 1 -90.8777 -67.1352 1528.99 0.00817197 -0.292261 -0.0691833
