1 0 1 21.9684 -5.49463 877.049 0.0950064 -0.0545446 0.0150355
2 33.3333 1 22.0788 -5.27347 876.871 0.0889976 -0.0574606 0.0152495
3 66.6667 1 21.6738 -5.0119 873.223 0.0959696 -0.0508816 0.015478
4 100 1 21.0453 -5.10034 869.8 0.101007 -0.0463638 0.0120042
5 133.333 1 20.227 -5.39847 868.116 0.101582 -0.0442653 0.00864417
6 166.667 1 19.2747 -5.78477 865.333 0.111389 -0.0389934 0.00681831
7 200 1 18.0338 -6.42058 866.13 0.11221 -0.0336542 0.00205856
8 233.333 1 16.5346 -6.98801 865.354 0.105923 -0.0258118 0.000315647
9 266.667 1 15.2162 -7.54725 861.8 0.104733 -0.0321963 -0.0110328
10 300 1 13.5526 -8.40574 861.095 0.0955813 -0.0297709 -0.0291086
11 333.333 1 10.8066 -9.5198 860.27 0.0849178 -0.01791 -0.0414304
12 366.667 1 7.55089 -10.4235 859.754 0.0779323 -0.00277621 -0.058758
13 400 1 3.89163 -11.3109 863.138 0.0674556 0.0171564 -0.0743037
14 433.333 1 0.0741957 -12.0207 868.195 0.0667174 0.0388272 -0.0839517
15 466.667 1 -3.49199 -12.616 869.853 0.0693896 0.0536602 -0.0978278
16 500 1 -6.48103 -12.8704 871.287 0.0768981 0.0702961 -0.108171
17 533.333 1 -9.12935 -12.4549 869.22 0.0883695 0.0784471 -0.117616
18 566.667 1 -10.5446 -12.102 869.033 0.0888271 0.0712231 -0.13613
19 600 1 -11.9639 -11.9454 868.43 0.0892494 0.0710374 -0.141277
20 633.333 1 -12.6718 -11.4321 862.146 0.109223 0.0737338 -0.14417
21 666.667 1 -13.5314 -11.344 864.171 0.105828 0.0861479 -0.144801
22 700 1 -13.9036 -10.9254 862.723 0.118363 0.0929742 -0.14047
23 733.333 1 -13.4019 -10.8258 863.33 0.121518 0.0839533 -0.144516
24 766.667 1 -12.8597 -10.8682 864.219 0.125056 0.0882234 -0.141949
25 800 1 -11.5547 -10.7831 868.106 0.12392 0.0819363 -0.136707
26 833.333 1 -9.6221 -10.7552 868.83 0.119405 0.0755045 -0.128276
27 866.667 1 -7.62484 -10.5882 870.279 0.104902 0.072901 -0.110133
28 900 1 -5.00797 -10.147 871.124 0.101946 0.061946 -0.0895476
29 933.333 1 -2.197 -9.3145 870.564 0.104764 0.0448798 -0.0710857
30 966.667 1 0.911861 -8.89348 866.736 0.108442 0.0230391 -0.0571564
31 1000 1 3.81411 -8.74721 857.493 0.104328 0.00874867 -0.0418928
32 1033.33 1 6.6405 -8.72904 853.346 0.0946934 -0.00737675 -0.02306
33 1066.67 1 9.75529 -9.14986 857.052 0.0812452 -0.0271761 -0.0120365
34 1100 1 12.7451 -9.17556 861.228 0.0912574 -0.0359191 0.000626129
35 1133.33 1 14.8317 -8.40189 860.912 0.100746 -0.0372672 0.0216952
36 1166.67 1 17.847 -7.02237 859.457 0.100037 -0.0599655 0.0367144
37 1200 1 20.9045 -5.49574 856.677 0.103633 -0.0792848 0.0534724
38 1233.33 1 24.7399 -4.34324 857.023 0.100515 -0.108007 0.0595575
39 1266.67 1 26.9594 -3.55263 853.358 0.104095 -0.11824 0.0664343
40 1300 1 26.901 -2.62042 844.73 0.12092 -0.109878 0.0776628
41 1333.33 1 26.9066 -2.38607 847.981 0.116026 -0.108888 0.0709819
42 1366.67 1 26.6575 -2.91527 855.705 0.111429 -0.108634 0.0645203
43 1400 1 25.9797 -3.49656 859.199 0.113529 -0.104035 0.0628798
44 1433.33 1 25.6105 -4.12744 861.17 0.11036 -0.105375 0.0586764
45 1466.67 1 24.984 -4.59485 861.526 0.105805 -0.104703 0.0563913
46 1500 1 24.5163 -5.19669 862.769 0.0962776 -0.109266 0.0482781
47 1533.33 1 23.6483 -5.54455 861.502 0.0938929 -0.107975 0.0435317
48 1566.67 1 22.1061 -5.39683 860.024 0.107949 -0.094535 0.0489431
49 1600 1 20.8215 -5.30991 860.13 0.103817 -0.0879626 0.0500338
50 1633.33 1 19.6272 -5.34251 857.071 0.109045 -0.0814973 0.0507032
51 1666.67 1 18.6168 -5.57999 851.538 0.101877 -0.0781268 0.0466086
52 1700 1 18.0389 -5.8811 853.215 0.100817 -0.0761482 0.0407907
53 1733.33 1 17.4947 -6.22183 857.351 0.102647 -0.0700909 0.0340773
54 1766.67 1 16.9877 -6.19548 857.677 0.107349 -0.0668055 0.0288999
55 1800 1 17.3106 -6.29005 860.266 0.100575 -0.0745099 0.0206971
56 1833.33 1 17.1437 -6.43239 859.176 0.101237 -0.0723972 0.0198633
57 1866.67 1 17.2911 -6.77348 858.676 0.0985924 -0.0747337 0.0245581
58 1900 1 18.2432 -7.13772 861.794 0.0847607 -0.0825116 0.0325617
59 1933.33 1 19.8808 -7.1282 865.921 0.0856846 -0.0891299 0.0441696
60 1966.67 1 22.3683 -7.15834 868.055 0.0849545 -0.0965439 0.0605787
61 2000 1 25.7205 -6.97363 867.094 0.0861488 -0.106126 0.0791379
62 2033.33 1 29.3156 -6.20715 863.924 0.0941553 -0.119503 0.10284
63 2066.67 1 32.752 -4.99594 855.994 0.108318 -0.126137 0.131037
64 2100 1 36.8142 -4.01947 853.08 0.110617 -0.143036 0.146314
65 2133.33 1 40.7501 -2.92239 851.128 0.11598 -0.154763 0.16189
66 2166.67 1 44.2051 -1.83423 850.371 0.126295 -0.162117 0.174109
67 2200 1 47.1448 -0.981653 849.892 0.132564 -0.16804 0.185107
68 2233.33 1 50.4334 -0.829729 868.806 0.154242 -0.177898 0.183071
69 2266.67 1 52.4059 -0.497852 868.004 0.166146 -0.176838 0.180418
70 2300 1 53.6295 -0.754889 873.568 0.160516 -0.168487 0.182004
71 2333.33 1 53.1703 -0.466275 861.891 0.159538 -0.157747 0.185485
72 2366.67 1 52.3024 -0.0985885 853.499 0.150589 -0.159397 0.193187
73 2400 1 51.1461 -0.0262459 854.46 0.150765 -0.15774 0.187784
74 2433.33 1 49.5167 -0.0102837 854.381 0.150165 -0.156144 0.180966
75 2466.67 1 47.4224 -0.41097 855.273 0.143329 -0.151959 0.172037
76 2500 1 44.73 -0.839622 855.086 0.136156 -0.147448 0.158988
77 2533.33 1 41.568 -1.29824 852.882 0.12826 -0.143099 0.141323
78 2566.67 1 37.993 -1.98868 856.045 0.114956 -0.127416 0.122945
79 2600 1 34.4544 -2.88603 857.654 0.110719 -0.112558 0.0964204
80 2633.33 1 30.3906 -4.32321 856.928 0.0962214 -0.0974224 0.0688959
81 2666.67 1 25.9364 -6.98055 853.339 0.0908018 -0.0725418 0.0401872
82 2700 1 21.3911 -10.6257 858.481 0.0567211 -0.0498649 0.0143394
83 2733.33 1 16.8396 -13.647 861.854 0.0523103 -0.0224895 -0.00622639
84 2766.67 1 12.3015 -16.4668 867.887 0.0416201 0.00477681 -0.0252096
85 2800 1 7.63475 -18.904 870.033 0.0332341 0.0291485 -0.0440546
86 2833.33 1 2.5241 -21.1084 870.749 0.0350485 0.0608805 -0.0615416
87 2866.67 1 -2.28735 -23.1071 874.373 0.0225577 0.079151 -0.0829574
88 2900 1 -6.96247 -24.5886 877.857 0.0104439 0.0983287 -0.106777
89 2933.33 1 -11.5802 -25.2082 875.566 0.00469235 0.119608 -0.128306
90 2966.67 1 -15.427 -25.8864 873.36 -0.0133678 0.131816 -0.147044
91 3000 1 -18.3464 -25.7372 862.623 -0.016263 0.136769 -0.169601
92 3033.33 1 -21.0452 -25.8991 864.057 -0.00917656 0.15215 -0.188761
93 3066.67 1 -23.0226 -26.6544 870.911 -0.0102197 0.157233 -0.200967
94 3100 1 -24.4399 -26.8289 873.162 -0.00955681 0.166242 -0.202948
95 3133.33 1 -25.7357 -27.1541 875.932 -0.0089996 0.176273 -0.191544
96 3166.67 1 -26.4734 -27.3936 883.627 -0.00955983 0.18522 -0.171943
97 3200 1 -26.5741 -27.1812 884.346 -0.00757268 0.184929 -0.16864
98 3233.33 1 -25.6426 -27.8901 881.706 -0.0160479 0.174566 -0.17277
99 3266.67 1 -24.8908 -30.0144 883.771 -0.0404565 0.170749 -0.169853
100 3300 1 -24.4553 -32.2849 888.742 -0.0608946 0.171316 -0.165825
101 3333.33 1 -24.3279 -33.5121 892.845 -0.0563477 0.173701 -0.168203
102 3366.67 1 -24.2023 -33.522 891.762 -0.0397023 0.176554 -0.167264
103 3400 1 -23.6876 -32.5767 889.376 -0.0287753 0.17516 -0.171161
104 3433.33 1 -23.2995 -31.5856 886.402 -0.0123769 0.175506 -0.174847
105 3466.67 1 -23.3147 -30.785 886.582 -0.00460377 0.178512 -0.172444
106 3500 1 -24.1459 -30.1351 895.326 -0.021818 0.190752 -0.161621
107 3533.33 1 -24.8017 -29.4212 897.068 -0.0462674 0.196454 -0.152297
108 3566.67 1 -25.5613 -28.8403 897.179 -0.0568272 0.203773 -0.15427
109 3600 1 -25.6906 -28.1291 894.516 -0.0561634 0.204056 -0.15876
110 3633.33 1 -25.6416 -27.3156 890.538 -0.052554 0.201228 -0.162214
111 3666.67 1 -25.4513 -26.5086 888.017 -0.0535294 0.194213 -0.167601
112 3700 1 -25.0611 -25.8471 887.645 -0.0453301 0.18583 -0.172555
113 3733.33 1 -24.7551 -24.818 882.517 -0.0262715 0.181251 -0.176473
114 3766.67 1 -25.0596 -24.3068 881.729 -0.01387 0.193465 -0.175799
115 3800 1 -24.9842 -23.928 882.085 -0.00544705 0.18991 -0.18074
116 3833.33 1 -24.8553 -23.5855 884.172 -0.000364493 0.18834 -0.186601
117 3866.67 1 -24.773 -23.1229 889.214 -0.003919 0.186807 -0.185971
118 3900 1 -24.4817 -22.5625 893.684 -0.00966024 0.187601 -0.185128
119 3933.33 1 -24.4051 -22.4633 891.805 -0.0109163 0.188141 -0.186355
120 3966.67 1 -24.3673 -22.468 888.18 -0.00643166 0.187986 -0.191113
121 4000 1 -24.4458 -22.2507 887.329 0.000352816 0.191574 -0.191779
122 4033.33 1 -24.3693 -21.9939 883.637 0.00337101 0.186912 -0.1957
123 4066.67 1 -24.5794 -21.9279 883.138 0.00427536 0.187044 -0.198946
124 4100 1 -24.6226 -21.7355 882.227 0.0067648 0.189688 -0.203744
125 4133.33 1 -24.6437 -21.5963 880.819 0.00982631 0.192323 -0.205967
126 4166.67 1 -24.8862 -21.3936 880.223 0.00952312 0.197234 -0.210346
127 4200 1 -24.7747 -21.1605 878.32 0.00943895 0.196224 -0.213571
128 4233.33 1 -24.6208 -20.8112 875.474 0.0050376 0.193801 -0.214876
129 4266.67 1 -24.3634 -20.4722 872.685 -0.00357565 0.193117 -0.215126
130 4300 1 -24.1999 -20.451 879.187 0.00793775 0.189715 -0.209029
131 4333.33 1 -24.2639 -19.8005 876.696 0.0239704 0.182982 -0.196998
132 4366.67 1 -23.3816 -20.5859 875.525 0.0155 0.167145 -0.182206
133 4400 1 -22.5573 -21.6542 871.928 0.002834 0.142022 -0.185631
134 4433.33 1 -22.7664 -22.4152 871.662 0.0103558 0.12835 -0.203462
135 4466.67 1 -24.6228 -22.9275 873.602 0.012795 0.133523 -0.207269
136 4500 1 -26.2938 -22.3196 876.041 0.0206718 0.136462 -0.211785
137 4533.33 1 -27.3522 -21.9796 874.666 0.0214551 0.139971 -0.217767
138 4566.67 1 -28.2575 -21.8597 871.426 0.0284289 0.134979 -0.224265
139 4600 1 -29.7326 -21.8262 870.84 0.0330203 0.141366 -0.228414
140 4633.33 1 -31.3539 -21.9976 872.77 0.0316513 0.153373 -0.231444
141 4666.67 1 -32.7153 -21.7174 872.403 0.030811 0.163511 -0.237881
142 4700 1 -33.557 -20.9217 873.511 0.0315205 0.164666 -0.239034
143 4733.33 1 -34.3262 -19.36 879.069 0.0282806 0.169463 -0.241988
144 4766.67 1 -34.5453 -18.735 888.213 0.03267 0.187739 -0.212467
145 4800 1 -34.5667 -18.2575 885.772 0.0402691 0.185078 -0.209136
146 4833.33 1 -34.4813 -18.1194 885.439 0.0429125 0.18151 -0.207517
147 4866.67 1 -34.172 -17.9711 883.093 0.0431991 0.176554 -0.209551
148 4900 1 -34.1124 -17.9062 882.769 0.0466514 0.177027 -0.211178
149 4933.33 1 -33.9829 -17.3583 879.832 0.0477178 0.17934 -0.20947
150 4966.67 1 -33.5758 -16.799 874.669 0.0534156 0.175791 -0.20743
151 5000 1 -32.9247 -16.9963 875.629 0.0520501 0.167594 -0.203294
152 5033.33 1 -31.3869 -18.0668 873.343 0.031089 0.152298 -0.209
153 5066.67 1 -29.5309 -18.896 870.305 0.0228439 0.135743 -0.222805
154 5100 1 -28.1121 -18.8423 869.999 0.0286576 0.122679 -0.21578
155 5133.33 1 -26.6782 -18.729 873.013 0.0309743 0.105541 -0.213022
156 5166.67 1 -25.275 -18.4584 871.252 0.0359299 0.0898165 -0.213284
157 5200 1 -24.1837 -18.5777 869.619 0.0414292 0.0807518 -0.212932
158 5233.33 1 -23.2206 -19.4424 868.93 0.037276 0.0776381 -0.209648
159 5266.67 1 -22.3698 -20.2285 867.996 0.0322278 0.077081 -0.205538
160 5300 1 -21.4621 -20.6597 869.089 0.0296916 0.0747147 -0.195859
161 5333.33 1 -20.5603 -19.8074 876.956 0.0204874 0.0720068 -0.18803
162 5366.67 1 -19.1778 -18.8152 877.13 0.00951086 0.0644826 -0.177714
163 5400 1 -17.8655 -18.1428 874.997 0.0129821 0.0559215 -0.170563
164 5433.33 1 -16.4924 -17.7359 869.734 0.0239295 0.0487751 -0.15878
165 5466.67 1 -15.1757 -17.8589 867.659 0.0294509 0.0416811 -0.145537
166 5500 1 -14.0326 -17.9248 865.937 0.028772 0.0354015 -0.133659
167 5533.33 1 -12.6045 -17.9664 865.505 0.0261918 0.02786 -0.125565
168 5566.67 1 -11.2572 -17.8273 864.232 0.0220076 0.0201249 -0.116546
169 5600 1 -10.0474 -17.6208 863.189 0.02594 0.0171235 -0.107978
170 5633.33 1 -8.8441 -17.1405 861.537 0.0298756 0.0124421 -0.0981342
171 5666.67 1 -7.60457 -16.5171 859.651 0.0328387 0.00852237 -0.0897229
172 5700 1 -6.52619 -15.9474 853.853 0.0298299 0.00261344 -0.0830594
173 5733.33 1 -5.50425 -15.5925 852.488 0.0266268 -0.00155822 -0.0756475
174 5766.67 1 -4.3819 -15.7191 852.634 0.0187592 -0.00610488 -0.0653595
175 5800 1 -3.22655 -15.3486 850.4 0.0444766 -0.01025 -0.0508465
176 5833.33 1 -1.56947 -16.6438 857.915 0.0371123 -0.0236252 -0.0411423
177 5866.67 1 0.532088 -17.7374 858.431 0.035362 -0.0412542 -0.0316573
178 5900 1 1.92844 -18.5752 857.734 0.0437822 -0.0490341 -0.0229329
179 5933.33 1 3.58328 -19.324 858.863 0.0376775 -0.0606819 -0.0211598
180 5966.67 1 4.9415 -20.0882 861.873 0.0320736 -0.0669076 -0.0214656
181 6000 1 5.84945 -20.9038 864.377 0.0211412 -0.0718072 -0.0209302
182 6033.33 1 6.75282 -21.5511 868.527 0.0155616 -0.0762671 -0.019746
183 6066.67 1 7.42184 -21.8737 870.441 0.0162876 -0.075815 -0.0140783
184 6100 1 8.07812 -21.7948 871.267 0.0210061 -0.0774226 -0.00719664
185 6133.33 1 8.72265 -21.1982 872.355 0.0297227 -0.078666 -0.001187
186 6166.67 1 9.23728 -19.7991 871.581 0.0419341 -0.0824643 0.00183935
187 6200 1 9.56117 -18.011 870.074 0.0603382 -0.0811203 0.00398836
188 6233.33 1 9.73643 -15.3906 867.084 0.082689 -0.0773516 0.00764836
189 6266.67 1 10.2215 -12.5872 864.15 0.0950335 -0.0805492 0.0136613
190 6300 1 10.7654 -9.76359 868.883 0.10316 -0.0831844 0.0160279
191 6333.33 1 10.8917 -6.36695 866.518 0.122579 -0.0822255 0.0176166
192 6366.67 1 10.6772 -3.28964 860.629 0.148184 -0.0728264 0.0223989
193 6400 1 10.4535 -0.786036 854.499 0.167728 -0.0701353 0.0268526
194 6433.33 1 10.3568 0.601778 847.5 0.177503 -0.0642561 0.0296877
195 6466.67 1 10.3842 0.976031 843.805 0.175057 -0.0621673 0.0311579
196 6500 1 10.6643 0.594541 846.134 0.160008 -0.0634245 0.035234
197 6533.33 1 11.3208 -0.59084 851.532 0.147716 -0.0652192 0.0319632
198 6566.67 1 11.6188 -1.61612 853.44 0.143151 -0.0637704 0.0323577
199 6600 1 11.6123 -2.4313 851.695 0.148316 -0.062857 0.0343376
200 6633.33 1 11.6625 -3.13403 848.043 0.150537 -0.0669377 0.038539
201 6666.67 1 11.9071 -4.20756 850.398 0.137806 -0.067008 0.045485
202 6700 1 12.0911 -5.31977 851.09 0.126419 -0.0676359 0.0518116
203 6733.33 1 12.396 -6.2966 849.479 0.113264 -0.0700546 0.0571044
204 6766.67 1 13.0693 -7.3762 849.831 0.0852524 -0.07526 0.0573287
205 6800 1 13.5693 -8.0683 848.44 0.0722064 -0.0834529 0.0557432
