1 0 1 -2.2187 -5.19773 968.862 -0.000540964 0.00333846 0.11361
2 33.3333 1 -2.30443 -5.44474 966.67 -0.00307717 -0.000182141 0.129438
3 66.6667 1 -1.65013 -6.42474 969.435 -0.000731068 -0.00710614 0.127403
4 100 1 -1.35133 -6.56737 973.102 0.0169815 0.00461215 0.136104
5 133.333 1 -0.980271 -7.39425 972.196 0.0167583 0.000337472 0.128282
6 166.667 1 -1.0833 -8.59 969.265 0.0226408 0.00650833 0.13085
7 200 1 -0.952369 -9.33351 968.7 0.0084566 2.89768e-005 0.126507
8 233.333 1 -0.824847 -9.71474 965.386 0.00769272 0.00285122 0.124218
9 266.667 1 -0.465244 -10.2892 966.91 0.0099503 -0.00346519 0.120532
10 300 1 -0.237039 -11.2778 973.704 0.0365814 0.0343654 0.111915
11 333.333 1 -0.74927 -11.3403 976.4 0.0191314 0.0515908 0.11046
12 366.667 1 -1.05997 -11.4773 970.853 0.0103817 0.0567659 0.104028
13 400 1 -0.853669 -12.1579 965.329 -0.00975077 0.0435595 0.10115
14 433.333 1 -0.784106 -12.8461 964.489 -0.0230101 0.0410991 0.0961988
15 466.667 1 -1.33379 -14.0066 951.799 -0.0400032 0.0359452 0.0868476
16 500 1 -1.46852 -14.2418 947.481 -0.0397943 0.0299175 0.0863834
17 533.333 1 -2.93365 -14.6793 924.225 -0.0572385 0.0147984 0.0722776
18 566.667 1 -4.53768 -15.7048 909.826 -0.0741029 0.0203674 0.0747141
19 600 1 -5.1442 -14.2449 903.037 -0.041294 0.0356648 0.0821491
20 633.333 1 -3.72814 -12.47 921.605 0.00886557 0.024634 0.10192
21 666.667 1 -2.04364 -9.1365 927.115 0.073763 0.029337 0.128479
22 700 1 -1.73391 -9.11727 933.46 0.0792898 0.0426241 0.134985
23 733.333 1 -1.52236 -5.00657 933.757 0.151156 0.0686845 0.144375
24 766.667 1 -2.07598 -0.0834055 933.753 0.197852 0.0812108 0.144998
25 800 1 -3.05203 3.6515 924.314 0.225603 0.0805617 0.150219
26 833.333 1 -3.33867 7.03361 928.35 0.220769 0.0654684 0.151401
27 866.667 1 -2.87184 9.7326 938.982 0.213009 0.0444285 0.141361
28 900 1 -2.59795 11.918 939.465 0.207635 0.0289901 0.129933
29 933.333 1 -2.78669 12.5693 937.277 0.180189 0.0229413 0.122566
30 966.667 1 -2.82663 12.9435 935.099 0.165359 0.020337 0.113108
31 1000 1 -2.37337 12.782 926.647 0.148311 0.00338847 0.104623
32 1033.33 1 -1.93734 11.7756 908.575 0.129822 -0.00614941 0.0932046
33 1066.67 1 -2.02167 11.6805 910.211 0.101911 -0.00983041 0.0892804
34 1100 1 -1.96262 11.7918 912.514 0.0883012 -0.011842 0.0874874
35 1133.33 1 -1.03822 11.8261 934.572 0.0776406 -0.0267245 0.0854382
36 1166.67 1 -0.767537 12.6499 955.119 0.0880042 -0.0268417 0.0863508
37 1200 1 -0.510891 12.71 966.937 0.0806612 -0.0230597 0.083334
38 1233.33 1 0.00279091 11.896 966.707 0.0727216 -0.0292599 0.0761974
39 1266.67 1 0.62557 10.3427 968.496 0.0529835 -0.0367705 0.065219
40 1300 1 0.710871 10.0153 967.001 0.0559283 -0.0340694 0.0648727
41 1333.33 1 0.897729 9.13585 963.146 0.0544991 -0.0357392 0.0654462
42 1366.67 1 1.10475 8.56234 968.604 0.0518274 -0.0399354 0.0654601
43 1400 1 1.19914 8.05146 966.727 0.0700076 -0.037945 0.0642933
44 1433.33 1 1.11803 8.02131 960.972 0.104281 -0.0250778 0.0649017
45 1466.67 1 0.943548 7.93302 958.476 0.118596 -0.013519 0.0670409
46 1500 1 0.962716 7.72352 958.581 0.128989 -0.0122453 0.0707223
47 1533.33 1 0.907779 7.36664 962.225 0.133678 -0.00686899 0.0746442
48 1566.67 1 0.415082 6.62389 960.493 0.134748 0.00119728 0.0756176
49 1600 1 0.240921 6.25872 960.069 0.138842 0.0027676 0.0786553
50 1633.33 1 0.0636989 6.12608 961.966 0.141826 0.00347308 0.0817969
51 1666.67 1 -0.0560815 5.78725 963.709 0.145232 0.00583642 0.0851763
52 1700 1 -0.0245375 5.71147 964.491 0.148763 0.00969787 0.0863856
53 1733.33 1 -0.146576 5.18633 967.166 0.150774 0.0107524 0.087019
54 1766.67 1 -0.204533 5.21036 966.37 0.150398 0.00624747 0.0866542
55 1800 1 -0.306942 5.39177 964.284 0.151197 0.000631324 0.085695
56 1833.33 1 -0.102228 5.21534 965.308 0.143953 -5.70876e-005 0.0826188
57 1866.67 1 0.163223 4.92412 970.816 0.134485 -0.000567182 0.0751181
58 1900 1 0.251641 5.00521 973.805 0.133616 0.00309001 0.0716215
59 1933.33 1 0.334539 3.68163 985.378 0.114835 0.0125303 0.0669747
60 1966.67 1 0.268284 2.45377 994.938 0.0897745 0.0136433 0.0631193
61 2000 1 0.227446 2.3581 992.946 0.0960516 0.0142399 0.0586385
62 2033.33 1 0.380645 1.16719 996.368 0.0936567 0.00906986 0.0533084
63 2066.67 1 -0.392562 -0.399834 988.337 0.110965 0.0234459 0.0571084
64 2100 1 -0.528862 -1.53393 975.973 0.124216 0.0192528 0.0621086
65 2133.33 1 -0.657756 -1.92106 972.54 0.136735 0.0170198 0.0673564
66 2166.67 1 -0.537483 -0.897848 972.184 0.16402 0.0192075 0.0682676
67 2200 1 -0.394142 -0.261593 993.567 0.15723 0.0259358 0.065854
68 2233.33 1 -1.29911 1.23251 1005.06 0.179731 0.0424864 0.0670518
69 2266.67 1 -1.90044 2.09481 1011.58 0.191209 0.0566665 0.064484
70 2300 1 -1.79709 2.34822 1015.04 0.186503 0.0635812 0.0602766
71 2333.33 1 -2.87232 1.691 1024.55 0.159728 0.0847739 0.0596187
72 2366.67 1 -3.6679 -0.740632 1020.31 0.134341 0.111566 0.0543956
73 2400 1 -3.27556 -3.46363 1020.08 0.13148 0.148544 0.0485677
74 2433.33 1 -2.2153 -6.45519 1015.6 0.121873 0.182019 0.0399178
75 2466.67 1 0.337283 -10.7004 1001.01 0.13715 0.277997 0.0327789
76 2500 1 1.01061 -16.0099 987.353 0.137506 0.308606 0.0361732
77 2533.33 1 1.23814 -17.028 975.513 0.180137 0.31788 0.0366113
78 2566.67 1 0.355679 -21.8439 966.51 0.15891 0.32703 0.040442
79 2600 1 -1.08224 -25.9419 965.231 0.163727 0.327152 0.0323651
80 2633.33 1 -1.24372 -28.5877 952.051 0.183496 0.315651 0.0242829
81 2666.67 1 -1.49684 -31.0263 948.314 0.194052 0.310966 0.0178596
82 2700 1 -1.40071 -31.5098 950.104 0.213123 0.309501 0.0126033
83 2733.33 1 -2.12789 -33.705 953.822 0.202232 0.308853 0.0141893
84 2766.67 1 -2.33388 -35.0184 957.417 0.206156 0.301694 0.00893728
85 2800 1 -2.76137 -34.4466 961.134 0.22651 0.292682 0.00172977
86 2833.33 1 -4.4001 -32.9958 959.241 0.248437 0.298594 -0.0037958
87 2866.67 1 -7.05708 -30.4883 956.864 0.265387 0.305197 -0.0036424
88 2900 1 -7.66359 -30.3416 962.521 0.252859 0.303459 0.00305329
89 2933.33 1 -11.0075 -27.3938 953.294 0.265433 0.320035 0.00128594
90 2966.67 1 -14.6027 -24.8094 955.401 0.301134 0.323427 -0.00738946
91 3000 1 -18.0695 -22.7168 969.924 0.300983 0.313547 -0.00310651
92 3033.33 1 -21.1303 -21.9212 976.497 0.297568 0.314107 -0.00569241
93 3066.67 1 -23.4044 -22.8845 970.649 0.274096 0.306267 -0.00320074
94 3100 1 -24.7193 -26.7684 970.654 0.232607 0.303344 0.00708002
95 3133.33 1 -25.1656 -27.1881 976.378 0.238735 0.298575 0.00604959
96 3166.67 1 -25.0982 -32.6787 974.312 0.191841 0.294606 0.017408
97 3200 1 -23.9828 -38.0346 968.771 0.166129 0.276144 0.0216417
98 3233.33 1 -24.1708 -42.9194 972.38 0.149693 0.272327 0.025427
99 3266.67 1 -24.1 -46.7403 974.59 0.132001 0.27279 0.0259582
100 3300 1 -24.113 -49.6013 975.289 0.1165 0.271119 0.0228168
101 3333.33 1 -24.048 -50.057 976.872 0.131112 0.27171 0.0198279
102 3366.67 1 -24.7996 -52.3631 975.865 0.111141 0.272512 0.0131225
103 3400 1 -26.0241 -55.4758 976.472 0.0976345 0.262803 0.0116128
104 3433.33 1 -26.7058 -59.0654 980.112 0.0715193 0.245576 0.00990506
105 3466.67 1 -27.8595 -60.3623 976.821 0.0737503 0.244722 -0.0118259
106 3500 1 -28.5832 -60.9544 986.148 0.0835021 0.236337 -0.019693
107 3533.33 1 -28.789 -59.6046 985.617 0.100639 0.227363 -0.0264167
108 3566.67 1 -28.6931 -58.7204 999.629 0.11405 0.226622 -0.0280103
109 3600 1 -29.7652 -55.8891 1042.81 0.160678 0.225993 -0.0255152
110 3633.33 1 -28.3945 -47.788 1062.61 0.237364 0.206834 -0.00787444
111 3666.67 1 -25.2755 -38.1099 1062.03 0.332541 0.1778 0.0234949
112 3700 1 -25.1383 -35.3346 1080.85 0.314123 0.176335 0.0268005
113 3733.33 1 -22.0991 -26.279 1074.72 0.403459 0.14484 0.041391
114 3766.67 1 -16.1723 -1.80292 1084.93 0.113497 0.121849 0.0936291
115 3800 1 -12.6157 6.40001 1106.85 0.23953 0.113712 0.102855
116 3833.33 1 -8.95106 13.8233 1122.13 0.335596 0.0996455 0.105362
117 3866.67 1 -5.12629 18.2958 1112.68 0.366644 0.080353 0.111285
118 3900 1 -3.60314 19.2499 1099.53 0.344347 0.0815014 0.103709
119 3933.33 1 -1.20255 21.7245 1092.56 0.338283 0.077205 0.103291
120 3966.67 1 0.470876 24.0648 1087.45 0.330107 0.0693733 0.0987947
121 4000 1 1.70027 24.9508 1077.55 0.314983 0.070898 0.103005
122 4033.33 1 2.44566 23.1213 1080.73 0.271443 0.062925 0.098252
123 4066.67 1 2.87627 17.2975 1075.84 0.21439 0.0729897 0.0850275
124 4100 1 3.06564 16.6111 1069.11 0.229252 0.0884609 0.0791443
125 4133.33 1 3.44365 10.0454 1067.17 0.174802 0.0930605 0.060027
126 4166.67 1 3.95236 3.94005 1059.65 0.131097 0.0999131 0.0397298
127 4200 1 4.50377 -0.01046 1054.55 0.11055 0.102456 0.0174699
128 4233.33 1 5.16362 -2.57524 1063.34 0.114123 0.104028 -0.000517049
129 4266.67 1 6.0826 -4.00988 1062.25 0.0912618 0.109124 -0.00977588
130 4300 1 6.25164 -4.66552 1068.12 0.0828924 0.120556 -0.0180179
131 4333.33 1 6.53804 -3.93447 1062.45 0.0918287 0.125284 -0.0255702
132 4366.67 1 6.7095 -3.59184 1067.33 0.0782812 0.128164 -0.0296121
133 4400 1 6.32702 -2.25232 1066.89 0.0764752 0.140735 -0.0390614
134 4433.33 1 6.22482 -1.40135 1054.63 0.0718145 0.154276 -0.050016
135 4466.67 1 5.78124 -1.32743 1043.25 0.0684248 0.159555 -0.0614276
136 4500 1 5.97924 -1.22994 1039.66 0.0619947 0.161429 -0.0631063
137 4533.33 1 6.24876 -1.17259 1028.01 0.065894 0.17328 -0.0767127
138 4566.67 1 6.72418 -0.626287 1024.16 0.0787261 0.199419 -0.0970139
139 4600 1 6.20157 1.31101 1014.42 0.104096 0.22071 -0.113105
140 4633.33 1 5.66601 1.53173 1025.3 0.0868556 0.244782 -0.123086
141 4666.67 1 4.65826 1.16425 1019.25 0.0809962 0.284995 -0.121722
142 4700 1 4.8246 1.18338 1013.97 0.0763634 0.289356 -0.119881
143 4733.33 1 3.41581 0.222381 1003.82 0.0459965 0.315646 -0.111121
144 4766.67 1 1.59392 -3.20952 1004.33 0.0123804 0.342784 -0.0897724
145 4800 1 -0.312193 -6.92916 990.574 0.0174282 0.360182 -0.0802484
146 4833.33 1 -1.36773 -10.5159 970.728 0.0203661 0.376936 -0.0610692
147 4866.67 1 -2.22587 -13.6741 967.624 0.0297558 0.387509 -0.0512961
148 4900 1 -2.43304 -14.1669 973.998 0.0532887 0.382841 -0.0497869
149 4933.33 1 -2.84658 -16.5307 975.304 0.0439238 0.389041 -0.0397292
150 4966.67 1 -2.66795 -18.4935 975.611 0.0422599 0.396594 -0.0350904
151 5000 1 -2.46884 -19.6216 971.706 0.0523498 0.404988 -0.036922
152 5033.33 1 -2.35554 -20.9766 962.817 0.0520718 0.414512 -0.0383639
153 5066.67 1 -2.35008 -23.1928 970.565 0.0448314 0.422292 -0.0347142
154 5100 1 -2.58413 -23.7836 976.533 0.052849 0.421902 -0.0354236
155 5133.33 1 -2.40189 -25.1482 982.048 0.0479466 0.41905 -0.0330188
156 5166.67 1 -2.0178 -27.3227 996.604 0.03663 0.41421 -0.0306656
157 5200 1 -1.57148 -29.8296 1009.32 0.0134344 0.41489 -0.022527
158 5233.33 1 -0.687143 -30.9874 1015.39 -0.00117743 0.410146 -0.0182659
159 5266.67 1 0.278164 -31.4645 1034.87 -0.0197201 0.407674 -0.0207041
160 5300 1 0.292487 -31.3482 1033.87 -0.0283116 0.408531 -0.0240147
161 5333.33 1 0.775025 -32.1884 1035.62 -0.0362748 0.400032 -0.0264992
162 5366.67 1 1.20023 -33.7516 1037.05 -0.0330272 0.395923 -0.0359868
163 5400 1 2.16368 -34.817 1031.33 -0.0327134 0.39409 -0.0369658
164 5433.33 1 2.94492 -35.0236 1022.05 -0.0220142 0.386043 -0.0428914
165 5466.67 1 3.5404 -35.0027 1019.23 -0.0163905 0.38559 -0.0528928
166 5500 1 3.69883 -35.0041 1017.08 -0.0146 0.388855 -0.058537
167 5533.33 1 4.35603 -35.4985 1019.93 -0.0208717 0.394049 -0.054944
168 5566.67 1 4.00977 -36.6654 1034.11 -0.0028007 0.396916 -0.056717
169 5600 1 3.50065 -37.7478 1044.48 0.0193203 0.389076 -0.0613254
170 5633.33 1 3.28418 -37.8017 1043.28 0.0261921 0.384602 -0.0651219
171 5666.67 1 3.1417 -36.095 1026.42 0.0242547 0.376695 -0.0756048
172 5700 1 2.51358 -35.521 1024.4 -0.0148424 0.375556 -0.0732563
173 5733.33 1 2.75055 -35.1012 1020.38 -0.0298804 0.3768 -0.0720914
174 5766.67 1 2.24199 -34.8746 1019.5 -0.0432048 0.377963 -0.0757943
175 5800 1 1.57589 -34.493 1015.91 -0.0458757 0.376668 -0.0808108
176 5833.33 1 0.275118 -34.1062 1010.59 -0.0507632 0.378909 -0.0887278
177 5866.67 1 -0.554975 -34.0122 1010.83 -0.0506754 0.377242 -0.0962587
178 5900 1 -0.804608 -33.9 1012.23 -0.0555448 0.378097 -0.0941707
179 5933.33 1 -1.73556 -33.0944 1010.48 -0.04754 0.377797 -0.10032
180 5966.67 1 -2.39148 -31.0489 1001.32 -0.0354661 0.374618 -0.107995
181 6000 1 -2.97615 -28.9552 999.398 -0.0276398 0.369568 -0.108788
182 6033.33 1 -3.50836 -26.9793 997.523 -0.0168219 0.362573 -0.109388
183 6066.67 1 -3.5459 -25.6477 998.893 0.00151195 0.360707 -0.119249
184 6100 1 -3.40357 -23.5357 1002.12 0.0781952 0.350543 -0.121594
185 6133.33 1 -3.43827 -23.6112 1001.85 0.0866531 0.350238 -0.120218
186 6166.67 1 -2.64318 -19.7691 1023.83 0.153095 0.338702 -0.113635
187 6200 1 -1.5496 -14.5569 1047.19 0.226735 0.327541 -0.097241
188 6233.33 1 0.596086 -9.00919 1048.41 0.285212 0.311597 -0.0905405
189 6266.67 1 2.4865 -2.98252 1033.01 0.340658 0.312912 -0.0843675
190 6300 1 3.07384 -1.30376 1015.77 0.320446 0.317941 -0.0843064
191 6333.33 1 5.19301 3.49337 1009.67 0.32728 0.316153 -0.0734589
192 6366.67 1 7.41323 7.77089 997.21 0.346487 0.32586 -0.073203
193 6400 1 8.71701 10.5161 988.028 0.350201 0.329127 -0.0728893
194 6433.33 1 9.53066 11.8694 1002.88 0.322834 0.338285 -0.0595674
195 6466.67 1 10.3501 13.0712 1006.63 0.311667 0.338904 -0.0454299
196 6500 1 10.4285 13.0883 1006.51 0.305112 0.340389 -0.0432169
197 6533.33 1 10.8442 13.7558 1012.86 0.311013 0.342792 -0.0411737
198 6566.67 1 11.0525 13.7025 1012.81 0.305456 0.346096 -0.0346806
199 6600 1 11.1455 13.9811 1009.25 0.281047 0.344052 -0.0177289
200 6633.33 1 9.91012 10.7085 1001.19 0.227626 0.354113 0.00159786
201 6666.67 1 8.31267 6.12448 986.683 0.186325 0.379525 0.0274566
202 6700 1 8.1346 5.56767 979.91 0.201701 0.384434 0.0326756
203 6733.33 1 6.68879 1.04698 976.061 0.166941 0.409049 0.051967
204 6766.67 1 5.9694 -3.01335 970.238 0.139978 0.426481 0.0850792
205 6800 1 5.9604 -5.80242 970.736 0.123697 0.439724 0.115031
206 6833.33 1 6.74609 -6.21125 970.209 0.135233 0.440307 0.133362
207 6866.67 1 7.27787 -4.86621 967.763 0.15191 0.446488 0.140372
208 6900 1 7.2602 -4.74174 965.64 0.149719 0.446637 0.143927
209 6933.33 1 7.48922 -2.64511 972.99 0.160285 0.452055 0.153616
210 6966.67 1 8.16916 -0.495929 981.909 0.180033 0.454865 0.156593
211 7000 1 9.23466 1.29988 980.922 0.206807 0.45542 0.150393
212 7033.33 1 9.92052 1.60041 995.225 0.224238 0.459396 0.15179
213 7066.67 1 10.6218 1.83898 1000.62 0.249108 0.454088 0.160312
214 7100 1 10.806 1.67052 1001.85 0.258859 0.45288 0.160971
215 7133.33 1 11.371 2.59779 998.69 0.284767 0.451018 0.156922
216 7166.67 1 11.2701 3.11522 998.451 0.252574 0.444746 0.164474
217 7200 1 11.6562 3.72265 997.859 0.229007 0.439351 0.171627
218 7233.33 1 12.2932 4.18143 1010.19 0.184163 0.416032 0.188334
219 7266.67 1 13.123 3.16703 1014.23 0.152347 0.397232 0.204553
220 7300 1 14.5437 1.55078 1014.29 0.140199 0.380741 0.21158
221 7333.33 1 14.8469 1.59335 1013.02 0.14429 0.377256 0.208027
222 7366.67 1 16.7471 -0.693419 1009.49 0.133206 0.360961 0.198695
223 7400 1 18.5676 -2.87128 1006.39 0.124067 0.365715 0.192828
224 7433.33 1 22.0727 -4.76098 1005.36 0.117328 0.333031 0.180329
225 7466.67 1 23.801 -5.60452 1001.81 0.104383 0.320564 0.178717
226 7500 1 23.9189 -5.53727 997.866 0.102388 0.324439 0.178731
227 7533.33 1 24.3995 -7.16676 1000.04 0.0816583 0.318845 0.1829
228 7566.67 1 23.1615 -9.57514 1003.74 0.0769622 0.330319 0.189759
229 7600 1 21.7677 -11.2923 1004.99 0.0901953 0.352393 0.205568
230 7633.33 1 21.2968 -12.5081 1003.11 0.0992784 0.367927 0.216994
231 7666.67 1 21.6344 -13.7757 1005.1 0.105188 0.374143 0.216633
232 7700 1 22.9575 -14.7124 1007.86 0.0995428 0.372826 0.212585
233 7733.33 1 23.0246 -14.8265 1005.45 0.104469 0.37677 0.209143
234 7766.67 1 24.4959 -15.628 1002.05 0.0924939 0.389548 0.199602
235 7800 1 26.4202 -15.7614 994.295 0.0999957 0.393204 0.177793
236 7833.33 1 28.0838 -15.3286 989.342 0.100952 0.390784 0.163487
237 7866.67 1 29.2915 -14.6092 991.402 0.0905289 0.397625 0.163174
238 7900 1 29.3499 -14.4273 988.08 0.0879783 0.400528 0.161082
239 7933.33 1 30.2574 -13.7179 986.727 0.0979465 0.403812 0.16544
240 7966.67 1 30.8549 -13.4289 984.721 0.103824 0.41007 0.165483
241 8000 1 30.9077 -13.5086 985.055 0.102118 0.414133 0.166837
242 8033.33 1 30.9848 -13.1462 978.101 0.120188 0.410318 0.168883
243 8066.67 1 31.1104 -13.8906 984.845 0.113442 0.40932 0.18042
244 8100 1 31.2771 -13.9342 986.497 0.11497 0.405333 0.180425
245 8133.33 1 31.0846 -14.8273 993.299 0.113591 0.404289 0.186019
246 8166.67 1 30.5799 -15.1868 993.294 0.112906 0.40379 0.190238
247 8200 1 30.1113 -15.9814 995.49 0.111174 0.402675 0.188478
