1 0 1 -38.2367 -48.1191 902.953 0.1852 0.0863212 -0.0130799
2 33.3333 1 -39.3829 -47.6662 904.187 0.192631 0.0900818 -0.010941
3 66.6667 1 -40.8966 -47.3245 903.758 0.196703 0.0939672 -0.00859456
4 100 1 -41.9767 -46.9544 904.388 0.203921 0.0942951 -0.00587004
5 133.333 1 -42.8086 -46.5732 905.543 0.208202 0.0991267 -0.0097813
6 166.667 1 -43.0853 -46.3246 906.174 0.209638 0.101199 -0.00885823
7 200 1 -42.9662 -46.075 905.519 0.217969 0.0961767 -0.0110319
8 233.333 1 -43.2038 -45.3892 907.177 0.225332 0.093947 -0.00972856
9 266.667 1 -43.2173 -44.7209 908.826 0.228267 0.0946694 -0.0053646
10 300 1 -42.8934 -44.1325 909.854 0.234203 0.0902597 -0.000425651
11 333.333 1 -42.5027 -43.6511 911.546 0.243085 0.0886233 -0.000411796
12 366.667 1 -41.9828 -43.3031 912.176 0.243127 0.0877991 -0.00112011
13 400 1 -41.9101 -43.1675 912.742 0.244951 0.0909467 -0.00211453
14 433.333 1 -41.3049 -42.6993 913.949 0.255143 0.0925798 0.00417108
15 466.667 1 -40.6933 -42.1956 914.65 0.256275 0.0952425 0.00739171
16 500 1 -40.1454 -41.6681 912.177 0.267385 0.0969361 0.00744311
17 533.333 1 -39.9995 -41.3213 913.288 0.273789 0.100437 0.0108173
18 566.667 1 -39.7104 -40.9191 911.762 0.27348 0.103677 0.0122117
19 600 1 -39.7477 -40.8117 910.9 0.274894 0.107732 0.0149901
20 633.333 1 -39.4639 -40.2264 907.522 0.281204 0.110075 0.0123653
21 666.667 1 -39.289 -40.1212 907.17 0.280421 0.109668 0.00824436
22 700 1 -39.2812 -40.051 907.62 0.27918 0.111057 0.00743496
23 733.333 1 -39.2552 -39.9245 908.225 0.279085 0.110734 0.00727282
24 766.667 1 -39.3178 -39.9099 908.082 0.280713 0.111325 0.0080909
25 800 1 -39.2445 -39.8028 908.666 0.28009 0.113536 0.00815692
26 833.333 1 -39.1796 -39.876 909.212 0.27683 0.113049 0.00686734
27 866.667 1 -39.0497 -40.4796 905.564 0.270077 0.114388 0.00773775
28 900 1 -39.2402 -40.4873 907.705 0.274597 0.115846 0.00824816
29 933.333 1 -39.6178 -40.0715 909.578 0.276669 0.122164 0.0112996
30 966.667 1 -39.8664 -39.8101 909.768 0.279575 0.123104 0.011925
31 1000 1 -39.9979 -39.7758 911.196 0.279322 0.123897 0.0142675
32 1033.33 1 -40.2456 -39.4984 913.125 0.285983 0.124443 0.013783
33 1066.67 1 -40.2721 -39.0129 912.094 0.28894 0.124748 0.0105895
34 1100 1 -40.4657 -38.5437 912.007 0.292332 0.124334 0.00802701
35 1133.33 1 -40.4831 -37.9872 911.356 0.299937 0.125702 0.00617783
36 1166.67 1 -40.4124 -37.8269 907.862 0.304452 0.127696 0.00248898
37 1200 1 -40.4293 -37.8566 907.172 0.307377 0.127351 0.0025287
38 1233.33 1 -40.8393 -37.9123 905.763 0.307361 0.136396 9.01679e-006
39 1266.67 1 -40.8773 -38.0356 905.812 0.310029 0.135816 -0.000915885
40 1300 1 -40.4183 -37.6839 907.303 0.304498 0.134595 0.00385143
41 1333.33 1 -40.6549 -37.3004 911.991 0.310517 0.133107 0.000690413
42 1366.67 1 -40.9684 -37.4548 916.556 0.304275 0.113344 -0.0082931
43 1400 1 -40.0083 -35.9728 911.641 0.26761 0.144705 0.0204124
44 1433.33 1 -40.4457 -35.3473 920.213 0.266216 0.150864 0.028395
45 1466.67 1 -40.5339 -34.2065 908.423 0.283936 0.153077 0.0297091
46 1500 1 -40.5212 -33.0151 904.48 0.292584 0.151714 0.0319426
47 1533.33 1 -40.3504 -33.0122 903.98 0.270245 0.154082 0.0364068
48 1566.67 1 -40.1386 -33.2092 908.343 0.24563 0.158633 0.0444928
49 1600 1 -39.6629 -33.9172 907.021 0.233375 0.15875 0.0464818
50 1633.33 1 -38.3896 -36.0759 902.1 0.2215 0.158779 0.0547134
51 1666.67 1 -36.5668 -38.1636 904.509 0.219104 0.156263 0.0590831
52 1700 1 -34.5038 -39.1157 906.448 0.224635 0.157488 0.0631415
53 1733.33 1 -31.861 -39.0011 907.072 0.242992 0.157625 0.0698774
54 1766.67 1 -29.4154 -38.3071 903.519 0.259433 0.150534 0.076517
55 1800 1 -28.2911 -37.3671 903.129 0.272317 0.147206 0.0762343
56 1833.33 1 -25.2197 -34.4065 898.142 0.309145 0.138089 0.0752809
57 1866.67 1 -22.4621 -31.3677 894.99 0.332908 0.133955 0.0737111
58 1900 1 -21.0256 -28.9118 893.493 0.338029 0.141775 0.0718482
59 1933.33 1 -20.6393 -28.1212 899.371 0.330595 0.14636 0.0729933
60 1966.67 1 -20.566 -28.3301 903.423 0.320712 0.150716 0.0717459
61 2000 1 -20.8042 -29.0776 903.341 0.305025 0.15461 0.0653514
62 2033.33 1 -22.032 -30.6354 905.178 0.289362 0.156573 0.0586254
63 2066.67 1 -23.9447 -32.5751 901.026 0.272569 0.162497 0.0477499
64 2100 1 -23.7205 -35.0217 903.655 0.255201 0.153559 0.0543128
65 2133.33 1 -20.8823 -37.6878 903.781 0.241048 0.149069 0.0524442
66 2166.67 1 -17.9802 -39.0618 903.652 0.23402 0.151125 0.0518342
67 2200 1 -16.0625 -39.0545 904.133 0.23787 0.152047 0.0524423
68 2233.33 1 -12.6227 -38.4487 907.697 0.24074 0.148067 0.0628999
69 2266.67 1 -10.9455 -37.6359 907.099 0.239792 0.149686 0.0687375
70 2300 1 -10.1266 -37.0465 904.734 0.238382 0.142434 0.0712977
71 2333.33 1 -10.9998 -36.6987 902.728 0.237857 0.144729 0.0682832
72 2366.67 1 -12.2872 -36.6567 904.172 0.240135 0.145039 0.0649056
73 2400 1 -13.4651 -36.5674 904.243 0.240395 0.146571 0.0639926
74 2433.33 1 -16.1251 -35.6843 902.767 0.249376 0.153441 0.0612132
75 2466.67 1 -19.0056 -33.2493 897.273 0.268525 0.156301 0.066839
76 2500 1 -21.5639 -30.5484 889.968 0.280718 0.16219 0.0746185
77 2533.33 1 -23.4663 -28.9061 890.762 0.279799 0.160493 0.0745007
78 2566.67 1 -25.0503 -28.3058 896.98 0.265506 0.162985 0.0745004
79 2600 1 -26.0618 -28.3563 901.325 0.256762 0.163703 0.076446
80 2633.33 1 -27.5919 -28.6926 902.314 0.255047 0.161904 0.0691785
81 2666.67 1 -28.9854 -28.8028 900 0.256795 0.159074 0.0706171
82 2700 1 -30.6252 -28.7475 900.399 0.259274 0.154577 0.0692269
83 2733.33 1 -32.0509 -28.3573 900.279 0.261299 0.151612 0.0655115
84 2766.67 1 -33.0939 -28.2311 899.352 0.262046 0.15184 0.0631541
85 2800 1 -33.9188 -28.1189 898.548 0.261371 0.153425 0.0596072
86 2833.33 1 -35.3169 -27.6576 900.9 0.260656 0.157766 0.0571068
87 2866.67 1 -36.0966 -27.0479 898.66 0.260945 0.161731 0.0565347
88 2900 1 -36.4236 -27.4342 902.052 0.249139 0.162119 0.0589919
89 2933.33 1 -36.2295 -29.4254 904.298 0.218421 0.160768 0.0648273
90 2966.67 1 -36.0249 -31.1412 905.323 0.203976 0.159763 0.0650723
91 3000 1 -36.0439 -32.9528 907.57 0.188221 0.163317 0.0719912
92 3033.33 1 -35.6593 -36.4487 909.464 0.155381 0.164185 0.07676
93 3066.67 1 -35.6099 -38.9486 913.699 0.149895 0.162668 0.0762258
94 3100 1 -35.125 -39.3 913.074 0.169952 0.161941 0.0746834
95 3133.33 1 -34.6991 -37.4068 910.146 0.212245 0.156319 0.0692282
96 3166.67 1 -34.205 -34.9847 901.427 0.237875 0.155509 0.0667591
97 3200 1 -34.0441 -32.9141 897.024 0.253076 0.155801 0.0649646
98 3233.33 1 -33.0817 -27.8714 890.807 0.298668 0.145201 0.0551326
99 3266.67 1 -32.4081 -22.5804 883.718 0.339055 0.138643 0.0555659
100 3300 1 -31.6262 -17.4098 877.931 0.373827 0.137482 0.0596626
101 3333.33 1 -30.2331 -13.905 881.867 0.388569 0.12836 0.0544326
102 3366.67 1 -29.508 -12.2401 888.011 0.381408 0.124495 0.0480128
103 3400 1 -29.0534 -10.4454 890.51 0.380046 0.121563 0.0459992
104 3433.33 1 -27.6981 -7.96711 887.784 0.394364 0.11325 0.0442926
105 3466.67 1 -26.7902 -6.76056 884.921 0.39449 0.10933 0.0401284
106 3500 1 -25.8701 -5.91769 883.331 0.397771 0.105921 0.0377224
107 3533.33 1 -24.7286 -4.65562 885.816 0.405961 0.0943499 0.0420059
108 3566.67 1 -24.1161 -3.95003 886.851 0.409182 0.0932769 0.0464317
109 3600 1 -23.6485 -2.79532 886.248 0.417317 0.0930714 0.0440609
110 3633.33 1 -22.5523 0.171894 877.092 0.442548 0.0922162 0.0420067
111 3666.67 1 -21.6198 4.04663 868.45 0.47779 0.0918442 0.0446371
112 3700 1 -21.0093 8.31791 866.012 0.532545 0.0967115 0.0459551
113 3733.33 1 -20.5137 12.4724 862.755 0.618463 0.100658 0.0439544
114 3766.67 1 -20.2355 14.8795 858.29 0.641493 0.103825 0.0416525
115 3800 1 -19.6934 17.6111 857.407 0.672463 0.0997702 0.0440593
116 3833.33 1 -19.487 21.4675 848.175 0.7164 0.0988008 0.039785
117 3866.67 1 -19.5567 25.2222 841.074 0.743495 0.098386 0.0385548
118 3900 1 -20.0645 28.6485 839.176 0.756142 0.105538 0.038675
119 3933.33 1 -20.205 30.6649 837.188 0.760912 0.106138 0.0324079
120 3966.67 1 -20.4869 31.6281 839.261 0.754708 0.107187 0.0300191
121 4000 1 -20.5014 31.7489 845.032 0.748613 0.105841 0.0306733
122 4033.33 1 -21.2471 30.4416 855.512 0.732048 0.10938 0.0326109
123 4066.67 1 -22.1018 27.5567 864.812 0.712641 0.108389 0.0389675
124 4100 1 -22.7837 22.2553 862.444 0.664673 0.106617 0.0396291
125 4133.33 1 -24.3781 15.8429 864.981 0.542893 0.0992463 0.0622463
126 4166.67 1 -25.1536 11.0352 889.042 0.45007 0.0937158 0.0656966
127 4200 1 -26.3197 6.42555 905.63 0.384783 0.0894508 0.0672993
128 4233.33 1 -27.4692 0.896802 909.041 0.354755 0.0874337 0.0634265
129 4266.67 1 -27.8748 -2.96868 900.876 0.353543 0.0820542 0.0565968
130 4300 1 -28.0899 -6.04919 900.099 0.328928 0.0858432 0.0528946
131 4333.33 1 -27.5463 -8.30611 899.548 0.31592 0.0862383 0.051388
132 4366.67 1 -27.1865 -9.30354 899.394 0.311054 0.0889644 0.0504515
133 4400 1 -26.5807 -9.84004 899.613 0.305067 0.0881291 0.052014
134 4433.33 1 -25.6445 -9.77472 896.376 0.298209 0.0832708 0.0575788
135 4466.67 1 -25.2949 -8.28589 887.941 0.303085 0.0844858 0.0622451
136 4500 1 -24.7109 -5.88176 882.125 0.317013 0.0905939 0.0677759
137 4533.33 1 -24.3421 -2.59149 887.346 0.335575 0.091531 0.0724265
138 4566.67 1 -24.1648 -0.640068 891.006 0.351386 0.0899518 0.0697431
139 4600 1 -23.1303 1.92992 884.338 0.388554 0.0849936 0.0624409
140 4633.33 1 -22.8415 5.03017 884.805 0.421426 0.0957659 0.0622711
141 4666.67 1 -22.9546 7.54636 890.515 0.429852 0.101454 0.0672692
142 4700 1 -22.5057 10.2734 887.641 0.443468 0.0988415 0.0691661
143 4733.33 1 -22.0105 12.8557 882.724 0.456047 0.0963361 0.0669057
144 4766.67 1 -21.6524 14.0061 882.709 0.453111 0.0944096 0.0631578
145 4800 1 -21.5191 15.2926 888.389 0.455914 0.0908704 0.0603704
146 4833.33 1 -21.2921 17.0736 891.671 0.464921 0.0870765 0.0578859
147 4866.67 1 -21.5987 18.7533 891.883 0.470426 0.0890227 0.0577516
148 4900 1 -21.8834 20.3966 886.993 0.483545 0.0865056 0.0546812
149 4933.33 1 -22.2615 21.7298 884.421 0.492483 0.0854886 0.0491404
150 4966.67 1 -22.5399 22.3961 884.304 0.488603 0.0842561 0.0449293
151 5000 1 -22.9229 23.2056 884.677 0.492661 0.0815111 0.0399965
152 5033.33 1 -23.8218 23.9897 882.894 0.498682 0.0847547 0.0366436
153 5066.67 1 -24.7017 24.0109 881.036 0.496523 0.0879803 0.0313172
154 5100 1 -25.4811 23.291 882.689 0.491579 0.0927281 0.0290469
155 5133.33 1 -26.4284 22.2045 886.946 0.485475 0.101606 0.0287947
156 5166.67 1 -26.6469 21.631 886.84 0.48685 0.103881 0.0308272
157 5200 1 -27.0356 21.3454 886.528 0.486115 0.109788 0.0330501
158 5233.33 1 -27.6056 21.3316 886.455 0.483194 0.110991 0.0347986
159 5266.67 1 -28.0457 21.6695 886.144 0.479922 0.114231 0.0389067
160 5300 1 -27.9584 22.3996 881.536 0.490485 0.120326 0.0404986
161 5333.33 1 -27.3969 23.7642 877.541 0.532007 0.132335 0.0348661
162 5366.67 1 -26.7584 24.4758 879.016 0.568591 0.133178 0.0240552
163 5400 1 -26.6119 25.5805 874.561 0.608723 0.126945 0.0195369
164 5433.33 1 -27.6356 27.3033 862.539 0.642138 0.127507 0.0112642
165 5466.67 1 -30.1063 28.0497 858.789 0.664403 0.124997 0.0117213
166 5500 1 -33.1371 27.2718 863.056 0.65666 0.127023 0.0187041
167 5533.33 1 -36.2725 26.199 871.484 0.650818 0.137014 0.0221643
168 5566.67 1 -36.9871 25.7116 869.825 0.655218 0.134829 0.027037
169 5600 1 -37.4914 25.6405 873.353 0.660756 0.127845 0.031266
170 5633.33 1 -37.9966 25.9882 876.582 0.667719 0.118225 0.0380632
171 5666.67 1 -37.8952 26.4249 873.983 0.684295 0.11014 0.0432022
172 5700 1 -38.0963 27.2182 867.727 0.703701 0.103652 0.0478506
173 5733.33 1 -38.7756 27.9384 863.582 0.710459 0.108306 0.0468646
174 5766.67 1 -39.1309 28.244 862.244 0.700152 0.115333 0.0432984
175 5800 1 -39.3163 28.4433 863.496 0.69118 0.117742 0.0434656
176 5833.33 1 -39.6932 28.4692 864.84 0.685499 0.120826 0.0359437
177 5866.67 1 -40.1726 27.655 867.419 0.680044 0.125756 0.0232647
178 5900 1 -40.7516 26.4206 868.451 0.673544 0.131104 0.019648
179 5933.33 1 -41.0449 25.316 871.764 0.670071 0.13142 0.0192474
180 5966.67 1 -40.9892 24.7401 871.946 0.670462 0.131118 0.0158758
181 6000 1 -40.9794 23.9388 871.587 0.671114 0.130539 0.0135863
182 6033.33 1 -40.8741 22.9215 873.43 0.671769 0.129755 0.0124583
