1 0 1 -4.59792 2.84814 328.508 0.00888759 -0.0126777 0.0560422
2 33.3333 1 -3.3519 3.6158 328.893 0.00968506 -0.0117811 0.0679142
3 66.6667 1 -1.36073 4.75033 328.524 0.0176188 -0.0166572 0.0841694
4 100 1 1.48612 5.4805 327.776 0.0206033 -0.0237389 0.10487
5 133.333 1 5.54681 6.11628 327.191 0.0186316 -0.0423945 0.122689
6 166.667 1 9.54924 6.95316 326.015 0.0255442 -0.058929 0.140765
7 200 1 11.9868 8.21122 325.618 0.0315627 -0.0695297 0.153882
8 233.333 1 13.1235 8.79659 325.688 0.0419163 -0.0698021 0.159058
9 266.667 1 14.3521 9.38087 325.919 0.0596809 -0.0708774 0.159129
10 300 1 15.1774 9.61942 325.766 0.0677891 -0.0734585 0.158909
11 333.333 1 15.2753 9.79467 325.65 0.0736076 -0.0737992 0.157339
12 366.667 1 14.5029 10.22 325.871 0.0860033 -0.0683351 0.155933
13 400 1 13.2134 10.3878 326.238 0.0896492 -0.0657018 0.15414
14 433.333 1 11.0435 10.0762 326.707 0.0894451 -0.0623011 0.149589
15 466.667 1 7.48672 9.17997 327.039 0.0786124 -0.0572134 0.145159
16 500 1 2.32129 8.07256 327.853 0.0612688 -0.0466355 0.134143
17 533.333 1 -2.8453 7.64046 327.643 0.0571931 -0.0312302 0.110793
18 566.667 1 -7.23952 7.07652 328.87 0.0375403 -0.0152605 0.0848802
19 600 1 -10.3914 6.88427 328.807 0.0279953 -0.00620145 0.0590895
20 633.333 1 -12.3165 6.65581 328.534 0.017144 -0.00241821 0.0411225
21 666.667 1 -13.708 6.7193 328.628 0.0198768 -0.000223367 0.0243909
22 700 1 -14.7807 6.8412 328.648 0.0261422 0.00227932 0.0152036
23 733.333 1 -15.7027 6.72179 328.495 0.030789 0.00490637 0.00728352
24 766.667 1 -16.5633 6.91564 328.589 0.0360448 0.00825783 0.00327314
25 800 1 -18.0969 6.7872 328.405 0.0282914 0.0171394 -0.00491521
26 833.333 1 -19.619 6.35881 328.219 0.0225383 0.0284629 -0.0124158
27 866.667 1 -20.8614 6.33179 328.226 0.0173412 0.0415276 -0.023677
28 900 1 -21.7583 6.51838 328.141 0.0201716 0.049568 -0.0358149
29 933.333 1 -21.9601 6.76052 327.889 0.0246208 0.052725 -0.0427309
30 966.667 1 -21.793 6.83922 327.999 0.0262188 0.0538702 -0.0461999
31 1000 1 -21.3576 6.95106 328.382 0.0280089 0.0555165 -0.0452618
32 1033.33 1 -20.9158 6.52142 328.417 0.0240485 0.0528161 -0.0416067
33 1066.67 1 -20.3042 5.88234 328.264 0.0190967 0.0490372 -0.0387275
34 1100 1 -19.5324 5.31981 327.983 0.0111003 0.0486405 -0.0379859
35 1133.33 1 -18.1239 5.8034 327.746 0.0191665 0.0430093 -0.0369259
36 1166.67 1 -16.914 6.04912 327.594 0.0226701 0.0401274 -0.0282365
37 1200 1 -15.9524 6.18396 327.642 0.028033 0.0313977 -0.0216537
38 1233.33 1 -15.7394 6.19566 327.81 0.0276017 0.0274087 -0.0175302
39 1266.67 1 -16.2749 5.79412 327.564 0.0250005 0.0262817 -0.0176053
40 1300 1 -17.321 5.81213 327.51 0.0266291 0.0335567 -0.0163889
41 1333.33 1 -17.7557 6.34977 327.615 0.0327343 0.0331682 -0.0147106
42 1366.67 1 -17.962 6.9066 327.576 0.0383437 0.0308447 -0.0136039
43 1400 1 -18.2271 7.12235 327.459 0.0391277 0.0330343 -0.0137048
44 1433.33 1 -18.3419 7.34732 327.196 0.0385593 0.0356313 -0.0146123
45 1466.67 1 -18.4038 7.36626 327.208 0.037517 0.0384031 -0.0127511
46 1500 1 -17.964 7.38718 327.113 0.0382214 0.03765 -0.0123836
47 1533.33 1 -17.2257 7.87755 327.13 0.0419888 0.0376804 -0.0103323
48 1566.67 1 -16.2876 7.95386 327.145 0.0418 0.0293512 -0.0062216
49 1600 1 -15.6309 7.76603 327.78 0.0363005 0.0225905 -0.00334683
50 1633.33 1 -15.311 7.9057 328.135 0.0457221 0.0184271 0.00397115
51 1666.67 1 -15.031 8.08803 328.26 0.0485385 0.0103009 0.0103774
52 1700 1 -14.8242 8.22284 328.322 0.048704 0.00256623 0.0129812
53 1733.33 1 -14.8155 8.67255 327.716 0.0626897 0.0014689 0.0145574
54 1766.67 1 -14.6168 8.28901 327.113 0.0597372 -0.00078491 0.0151321
55 1800 1 -14.002 8.47651 326.872 0.0545368 -0.00263966 0.0145584
56 1833.33 1 -12.9551 8.37958 327.428 0.0492118 -0.00438747 0.0162468
57 1866.67 1 -11.4061 8.07759 327.26 0.046703 -0.0127829 0.0205549
58 1900 1 -10.052 7.77704 327.156 0.0500298 -0.0223153 0.0250863
59 1933.33 1 -9.02985 8.31563 327.576 0.0584564 -0.0268585 0.0237318
60 1966.67 1 -8.03168 8.31175 327.044 0.0333879 -0.04263 0.0270843
61 2000 1 -7.53139 8.51976 327.73 0.0283562 -0.0435458 0.0298065
62 2033.33 1 -7.57686 8.57236 327.835 0.0315175 -0.0429021 0.0321239
63 2066.67 1 -7.98207 8.50007 327.746 0.0327651 -0.0431043 0.0358944
64 2100 1 -8.45483 8.64635 327.682 0.0355971 -0.0402715 0.0383172
65 2133.33 1 -9.35245 9.03565 327.988 0.039136 -0.0356943 0.0428608
66 2166.67 1 -10.1219 9.26402 328.433 0.0395992 -0.0331624 0.0423714
67 2200 1 -10.1808 9.24413 328.427 0.0381437 -0.0333446 0.0403847
68 2233.33 1 -10.1126 9.22924 328.379 0.0394573 -0.0315819 0.040046
69 2266.67 1 -10.1445 9.11456 328.453 0.039263 -0.0315846 0.0412687
70 2300 1 -10.2479 8.84428 328.381 0.0350687 -0.0314741 0.0378561
71 2333.33 1 -10.7203 8.90724 328.307 0.0361235 -0.0315415 0.0330724
72 2366.67 1 -11.516 9.14716 328.407 0.0370881 -0.0265674 0.0333958
73 2400 1 -12.5831 9.16018 328.418 0.038096 -0.0209106 0.0310816
74 2433.33 1 -13.6312 9.08749 328.449 0.0386077 -0.0156285 0.0279989
75 2466.67 1 -14.2455 8.99596 328.318 0.0368222 -0.0117334 0.0242385
76 2500 1 -14.6845 9.21084 328.147 0.0384466 -0.00875386 0.0199479
77 2533.33 1 -14.7351 9.20697 328.102 0.0379571 -0.00774777 0.0191361
78 2566.67 1 -14.7724 9.26967 328.086 0.0398293 -0.00657989 0.0184447
79 2600 1 -14.7865 9.31666 328.002 0.041627 -0.00633903 0.0189343
80 2633.33 1 -14.8113 9.33356 328.069 0.0410689 -0.00613632 0.0190246
81 2666.67 1 -14.8746 9.30945 328.032 0.0400784 -0.00474074 0.0194339
82 2700 1 -14.9392 9.26786 327.987 0.0406305 -0.00387876 0.0196938
83 2733.33 1 -14.9371 9.29004 328.002 0.0402412 -0.0035307 0.0195583
84 2766.67 1 -14.8804 9.27297 327.99 0.040693 -0.00158869 0.0201231
85 2800 1 -14.8688 9.24666 327.909 0.0396757 -0.000565284 0.0198722
86 2833.33 1 -14.8203 9.24241 328.011 0.0386908 0.000679738 0.0200576
87 2866.67 1 -14.7395 9.34306 327.752 0.0387608 0.000483215 0.0203687
88 2900 1 -14.6884 9.3966 327.739 0.0384062 0.000313385 0.0205802
