1 0 1 -60.0188 16.6948 380.983 0.0707635 0.00307719 -0.0064288
2 33.3333 1 -60.4991 16.3093 383.197 0.0600965 0.00591974 -0.00781629
3 66.6667 1 -60.6922 16.0839 384.392 0.0559528 0.00586536 -0.00936143
4 100 1 -60.6033 15.9692 385.281 0.0503378 0.00573502 -0.0105347
5 133.333 1 -60.3728 15.9062 385.629 0.0497888 0.00394364 -0.0106537
6 166.667 1 -60.1395 15.9387 385.793 0.0478584 0.00380541 -0.00938215
7 200 1 -60.0226 16.1376 386.378 0.0466755 0.00364533 -0.00835228
8 233.333 1 -59.7606 16.1828 386.368 0.0474668 0.00343287 -0.00703929
9 266.667 1 -59.6005 16.3326 386.358 0.0490154 0.00286664 -0.00536184
10 300 1 -59.4074 16.4529 386.427 0.0505251 0.00210545 -0.00394662
11 333.333 1 -59.287 16.8869 386.189 0.0529843 -0.000838282 -0.0027192
12 366.667 1 -59.3684 17.2972 386.045 0.0552329 -0.000227369 -0.00177732
13 400 1 -59.3501 17.706 385.533 0.0589197 0.00123715 -0.00311402
14 433.333 1 -59.21 18.1229 385.159 0.0606713 0.000754925 -0.00373925
15 466.667 1 -59.1878 18.7153 384.829 0.0649298 -0.000170879 -0.00619673
16 500 1 -59.3292 19.1005 384.553 0.0655417 0.00112278 -0.00686914
17 533.333 1 -59.3091 19.5506 384.551 0.0679628 -0.000788604 -0.00603307
18 566.667 1 -58.5632 20.4011 384.183 0.0724316 -0.0058795 -0.00232163
19 600 1 -57.9932 21.2397 384.297 0.0724135 -0.0111819 0.00196487
20 633.333 1 -58.4654 23.142 388.442 0.070923 -0.011534 0.000447783
21 666.667 1 -57.6318 22.9536 386.777 0.073733 -0.0118991 0.00280331
22 700 1 -56.7125 22.408 385.204 0.0733387 -0.0146738 0.00326371
23 733.333 1 -56.5272 22.0946 385.003 0.0712553 -0.0160571 0.00353212
24 766.667 1 -56.5805 21.8528 385.131 0.0700968 -0.0155544 0.00253452
25 800 1 -56.9727 21.6607 385.423 0.0681173 -0.010883 8.20836e-005
26 833.333 1 -57.1159 21.5949 385.876 0.0690746 -0.0106475 -0.000503554
27 866.667 1 -57.3054 21.4446 386.318 0.0677182 -0.00912859 -0.000924778
28 900 1 -57.4579 21.1957 386.84 0.0653621 -0.00850734 -0.00165989
29 933.333 1 -57.5503 20.8484 387.152 0.0624408 -0.00595174 -0.00247164
30 966.667 1 -57.4434 20.5 387.758 0.0591511 -0.00790257 -0.00347108
31 1000 1 -57.2967 19.9695 388.078 0.0540779 -0.00828087 -0.00214507
32 1033.33 1 -57.2825 19.6013 388.811 0.0527328 -0.00841223 -0.00177413
33 1066.67 1 -57.1677 19.2923 389.144 0.0498639 -0.00891965 -0.000698858
34 1100 1 -57.0411 19.2481 389.28 0.0524407 -0.00970369 0.0007494
35 1133.33 1 -57.1085 19.2413 389.416 0.0527673 -0.00988548 0.00202743
36 1166.67 1 -57.3325 19.2384 389.452 0.0530241 -0.00810877 0.000916278
37 1200 1 -57.4372 19.3323 389.398 0.0544528 -0.00671396 -0.000450191
38 1233.33 1 -57.3236 19.4699 388.924 0.0571493 -0.00732852 -0.00321676
39 1266.67 1 -57.3107 19.5046 388.659 0.0562713 -0.00686931 -0.0042787
40 1300 1 -57.3572 19.5229 388.547 0.0560022 -0.00645992 -0.00464367
41 1333.33 1 -57.3564 19.6856 388.779 0.0564322 -0.00646645 -0.00575332
42 1366.67 1 -57.3007 19.9237 388.436 0.0588917 -0.00593284 -0.00676654
43 1400 1 -57.1116 20.2461 387.949 0.0605389 -0.00693126 -0.00803608
44 1433.33 1 -57.0581 20.3766 387.992 0.0607824 -0.00691856 -0.00885242
45 1466.67 1 -56.9376 20.5081 387.955 0.060829 -0.00805376 -0.00874586
46 1500 1 -56.7378 20.6575 387.709 0.0603908 -0.00773076 -0.00874888
47 1533.33 1 -56.5214 20.6413 387.715 0.0596694 -0.00679666 -0.00713307
48 1566.67 1 -55.8875 20.5185 387.225 0.0533875 -0.00850712 -0.00636898
49 1600 1 -55.1199 20.1134 387.209 0.0463822 -0.0119541 -0.00495652
50 1633.33 1 -54.0481 19.2701 387.42 0.0377616 -0.0162976 -0.00192
51 1666.67 1 -52.957 18.0826 388.125 0.0271994 -0.0186524 0.00187523
52 1700 1 -51.8018 16.7681 389.188 0.0200479 -0.0208962 0.00705479
53 1733.33 1 -50.6198 15.3546 390.52 0.00941052 -0.0222363 0.012094
54 1766.67 1 -49.1293 14.0341 392.366 0.00398912 -0.0265022 0.0168765
55 1800 1 -47.2032 12.6011 394.332 -0.00537952 -0.0304827 0.022087
56 1833.33 1 -44.567 11.3189 395.867 -0.0122901 -0.0356321 0.0278503
57 1866.67 1 -41.5031 10.2632 397.091 -0.0144966 -0.040592 0.0345387
58 1900 1 -38.1598 9.39354 398.407 -0.0160614 -0.0467795 0.0400838
59 1933.33 1 -34.9955 8.7607 399.631 -0.0138129 -0.0523033 0.0464041
60 1966.67 1 -32.2363 8.50431 401.139 -0.0122924 -0.0543978 0.0498262
61 2000 1 -30.0101 8.31651 402.404 -0.0109713 -0.058424 0.0511836
62 2033.33 1 -28.6803 8.28393 403.214 -0.00847506 -0.0582412 0.0540403
63 2066.67 1 -28.2594 8.44556 404.404 -0.0046653 -0.0574692 0.0570679
64 2100 1 -27.8717 8.75974 404.895 0.00211103 -0.0547089 0.0563246
65 2133.33 1 -26.9203 9.12947 404.847 0.00991896 -0.0553732 0.0544477
66 2166.67 1 -25.4988 9.5445 405.04 0.0109993 -0.0566256 0.0564646
67 2200 1 -23.7032 9.9279 405.057 0.0128173 -0.0578494 0.0611732
68 2233.33 1 -21.3945 10.4301 405.314 0.0156026 -0.0608489 0.0670475
69 2266.67 1 -18.4661 10.6847 406.064 0.0175219 -0.0659015 0.071336
70 2300 1 -15.1148 10.8046 407.041 0.018274 -0.0713635 0.07469
71 2333.33 1 -11.5372 10.7296 408.291 0.0176945 -0.0793692 0.0769459
72 2366.67 1 -8.11387 10.5261 409.971 0.015561 -0.0858945 0.0786327
73 2400 1 -4.55799 10.2532 411.388 0.0141381 -0.098759 0.0765276
74 2433.33 1 -1.8314 10.186 412.713 0.0162595 -0.112079 0.0710764
75 2466.67 1 -0.558334 10.076 414.065 0.0190469 -0.120161 0.0630921
76 2500 1 -0.483118 10.1401 415.402 0.0245464 -0.127016 0.0494793
77 2533.33 1 -1.60821 10.0635 417.186 0.032139 -0.125701 0.0362118
78 2566.67 1 -3.50765 9.95559 419.153 0.039564 -0.119673 0.0234441
79 2600 1 -5.47831 10.2687 424.394 0.0423475 -0.113879 0.00841873
80 2633.33 1 -7.41208 10.0535 428.315 0.043127 -0.102553 -0.00482285
81 2666.67 1 -9.07494 8.53115 427.435 0.0472234 -0.0901425 -0.0155876
82 2700 1 -10.0645 7.20453 428.501 0.046044 -0.0838758 -0.0220462
83 2733.33 1 -10.8974 5.93086 430.767 0.0406264 -0.0767173 -0.0269926
84 2766.67 1 -11.1694 4.54186 433.048 0.0332102 -0.0723196 -0.0295971
85 2800 1 -10.7365 3.10916 434.731 0.0242929 -0.0630837 -0.0266244
86 2833.33 1 -8.89116 2.28688 436.458 0.0205631 -0.0569555 -0.0219334
87 2866.67 1 -5.55636 1.75314 437.547 0.0157668 -0.0531963 -0.0147895
88 2900 1 -1.03465 1.36386 438.205 0.0130337 -0.0529176 -0.00714456
89 2933.33 1 3.97706 1.09009 439.077 0.0080914 -0.054014 -0.00117455
90 2966.67 1 9.1912 0.915062 439.581 0.00679563 -0.0549172 0.00349591
91 3000 1 14.5591 0.776092 440.315 0.0001908 -0.0542413 0.00924128
92 3033.33 1 20.0265 0.911392 440.455 -0.000924037 -0.0522975 0.0149439
93 3066.67 1 25.6308 0.878045 441.06 -0.00331416 -0.0500511 0.0225133
94 3100 1 31.2756 0.738246 442.177 -0.0113932 -0.0500878 0.0291104
95 3133.33 1 36.6289 0.321504 442.777 -0.0195111 -0.0509189 0.0368969
96 3166.67 1 41.658 0.267117 443.818 -0.024765 -0.0501807 0.0403626
97 3200 1 46.2722 0.211187 444.342 -0.0332902 -0.0499448 0.04081
98 3233.33 1 50.5874 0.208532 444.999 -0.0432458 -0.0477393 0.0402217
99 3266.67 1 54.8492 0.395682 445.727 -0.0507848 -0.0463739 0.0401528
100 3300 1 59.3076 1.13304 445.664 -0.0543547 -0.0452386 0.0420437
101 3333.33 1 63.9261 2.01338 446.004 -0.0551933 -0.0441921 0.0449137
102 3366.67 1 68.1605 2.81344 446.033 -0.051094 -0.0409559 0.0495602
103 3400 1 71.9857 3.60892 446.257 -0.0461576 -0.0386219 0.054832
104 3433.33 1 75.2968 4.45084 446.469 -0.0409152 -0.037192 0.0581885
105 3466.67 1 77.8654 4.98969 446.898 -0.0395652 -0.0383135 0.0628553
106 3500 1 79.5526 5.10567 447.582 -0.0392182 -0.0419287 0.0662679
107 3533.33 1 79.7109 4.78889 448.024 -0.0427979 -0.045468 0.0697484
108 3566.67 1 77.5428 4.28941 447.873 -0.0441629 -0.0440916 0.066844
109 3600 1 72.8867 3.15962 447.94 -0.0578002 -0.0357296 0.0529076
110 3633.33 1 66.9191 1.99012 447.822 -0.0766331 -0.0307031 0.0404118
111 3666.67 1 60.105 1.10567 446.624 -0.0819927 -0.0281474 0.0295045
112 3700 1 52.2619 0.601932 444.815 -0.0788918 -0.0226056 0.0188829
113 3733.33 1 43.6766 0.157508 443.002 -0.0763114 -0.0164838 0.00530099
114 3766.67 1 35.1349 -0.0861914 444.555 -0.0792655 -0.0125965 -0.00460561
115 3800 1 25.9595 -1.22516 442.223 -0.0793187 -0.0129965 -0.0164013
116 3833.33 1 16.185 -2.57906 437.697 -0.0750111 -0.0106758 -0.0297562
117 3866.67 1 5.97149 -3.17224 434.233 -0.0695057 -0.00604275 -0.0413261
118 3900 1 -4.70636 -2.89718 431.04 -0.0550375 0.000182156 -0.054068
119 3933.33 1 -15.6312 -2.28552 428.422 -0.0400528 0.00441349 -0.0699453
120 3966.67 1 -26.4767 -1.61333 426.143 -0.0304245 0.00678948 -0.0885889
121 4000 1 -37.079 -1.2429 424.965 -0.030446 0.00196453 -0.107952
122 4033.33 1 -47.0533 -0.939446 425.276 -0.0402112 -0.0293287 -0.128644
123 4066.67 1 -56.3845 -0.599886 426.054 -0.0578294 -0.0748688 -0.143415
124 4100 1 -65.0063 -0.18878 425.072 -0.0641399 -0.107918 -0.151315
125 4133.33 1 -73.4885 0.520683 424.961 -0.0650967 -0.124243 -0.156416
126 4166.67 1 -81.7574 1.21447 424.28 -0.069301 -0.12447 -0.163858
127 4200 1 -89.6567 2.33934 423.185 -0.0700665 -0.115459 -0.174676
128 4233.33 1 -97.1406 3.27114 421.187 -0.0681196 -0.10628 -0.182717
129 4266.67 1 -104.808 4.29244 420.232 -0.0664509 -0.101967 -0.190905
130 4300 1 -112.873 5.34543 420.022 -0.061203 -0.0991142 -0.196624
131 4333.33 1 -121.144 6.44303 420.186 -0.0634261 -0.096668 -0.202754
132 4366.67 1 -129.147 7.90512 420.842 -0.0596099 -0.093434 -0.205918
133 4400 1 -136.343 9.03996 420.555 -0.0452874 -0.0709485 -0.207599
134 4433.33 1 -142.785 10.1093 420.266 -0.00756234 -0.0270171 -0.195878
135 4466.67 1 -146.252 10.277 422.026 0.0066482 -0.016224 -0.187776
136 4500 1 -147.383 8.97854 425.095 -0.000596367 -0.0126573 -0.182749
137 4533.33 1 -146.776 7.12925 428.519 -0.0100368 -0.0105061 -0.177735
138 4566.67 1 -145.029 4.56144 432.755 -0.0214918 -0.0072238 -0.172084
139 4600 1 -142.087 2.12604 437.156 -0.0289398 -0.0062704 -0.164247
140 4633.33 1 -138.511 -0.441236 441.86 -0.0353063 -0.00654298 -0.15451
141 4666.67 1 -134.878 -3.03894 447.377 -0.042498 -0.00739148 -0.145544
142 4700 1 -131.519 -5.32424 453.018 -0.0474871 -0.00758979 -0.137076
143 4733.33 1 -128.323 -7.82421 458.719 -0.0547985 -0.00801924 -0.129525
144 4766.67 1 -124.607 -9.57658 462.959 -0.0561353 -0.0091369 -0.123354
145 4800 1 -120.56 -10.8624 467.702 -0.0466789 -0.0130035 -0.116305
146 4833.33 1 -115.771 -11.7797 472.463 -0.036481 -0.0193986 -0.111752
147 4866.67 1 -111.155 -12.7356 478.509 -0.0306161 -0.0273942 -0.107832
148 4900 1 -106.887 -13.7583 484.674 -0.0293192 -0.0260501 -0.0987993
149 4933.33 1 -102.579 -15.0701 491.023 -0.0334852 -0.0262365 -0.0904515
150 4966.67 1 -98.0103 -16.1148 497.49 -0.043032 -0.0270516 -0.0794496
151 5000 1 -93.7075 -16.3176 503.1 -0.0408913 -0.0268918 -0.0687753
152 5033.33 1 -90.3015 -16.2963 507.298 -0.0345205 -0.0267559 -0.0553457
153 5066.67 1 -88.5175 -16.095 515.909 -0.0343107 -0.0258947 -0.0460205
154 5100 1 -87.1456 -15.8137 520.745 -0.0293846 -0.0242464 -0.037015
155 5133.33 1 -86.0024 -15.43 522.366 -0.0106971 -0.0214558 -0.030011
156 5166.67 1 -85.5287 -15.2573 525.009 0.00174207 -0.0212878 -0.0239293
157 5200 1 -85.6185 -14.6365 527.934 0.0106096 -0.0215982 -0.0221151
158 5233.33 1 -85.7745 -13.7986 529.684 0.0192533 -0.0214476 -0.0202537
159 5266.67 1 -85.5756 -13.2837 530.363 0.027675 -0.0237362 -0.0201896
160 5300 1 -85.3061 -12.6771 530.773 0.03537 -0.0248282 -0.0172154
161 5333.33 1 -85.1242 -12.8092 530.949 0.0354083 -0.0209578 -0.0163321
162 5366.67 1 -84.799 -13.58 531.301 0.0291573 -0.0192976 -0.0147842
163 5400 1 -83.9568 -14.6233 531.372 0.0246013 -0.0191671 -0.0128877
164 5433.33 1 -82.4623 -15.6997 530.984 0.0188473 -0.0187992 -0.00795579
165 5466.67 1 -81.0909 -17.1107 529.245 0.0108025 -0.0214863 0.00281739
166 5500 1 -79.642 -18.0505 526.254 0.00110716 -0.0253418 0.00717107
167 5533.33 1 -77.8665 -18.1106 521.679 0.00138301 -0.0312508 0.00908809
168 5566.67 1 -75.6581 -17.7733 516.363 0.00149677 -0.0325374 0.0116359
169 5600 1 -73.3447 -17.1261 511.562 0.00514691 -0.034745 0.0148962
170 5633.33 1 -71.2147 -17.6554 507.215 -0.00551437 -0.0313453 0.0180451
171 5666.67 1 -68.7615 -18.0927 502.032 -0.0139992 -0.0289677 0.0216099
172 5700 1 -66.1079 -17.3528 496.705 -0.0155082 -0.0252076 0.0265536
173 5733.33 1 -63.4285 -16.4962 491.394 -0.0167179 -0.02355 0.0323674
174 5766.67 1 -60.9376 -16.9613 487.696 -0.0347059 -0.0231901 0.0364589
175 5800 1 -58.7376 -18.0607 483.143 -0.0614067 -0.0222204 0.0414998
176 5833.33 1 -56.7584 -18.9918 479.109 -0.0812423 -0.0224917 0.0469052
177 5866.67 1 -55.062 -20.3825 476.062 -0.109774 -0.0228124 0.0491445
178 5900 1 -53.4132 -22.1057 472.133 -0.132022 -0.0253635 0.0485881
179 5933.33 1 -51.98 -23.1785 468.675 -0.152687 -0.0283444 0.0461716
180 5966.67 1 -50.384 -23.8021 465.302 -0.167112 -0.0361425 0.041946
181 6000 1 -48.3149 -24.194 461.176 -0.175372 -0.0503204 0.0390749
182 6033.33 1 -46.8681 -24.1809 457.127 -0.184178 -0.0612822 0.0318413
183 6066.67 1 -45.8492 -23.3024 453.146 -0.182443 -0.0671229 0.029184
184 6100 1 -44.258 -21.0922 450.234 -0.176512 -0.0822778 0.0313685
185 6133.33 1 -41.041 -19.0347 445.711 -0.173415 -0.106399 0.0369424
186 6166.67 1 -37.5671 -14.9621 437.104 -0.134935 -0.129289 0.0446116
187 6200 1 -35.6309 -8.97748 431.747 -0.0841179 -0.146256 0.0458777
188 6233.33 1 -36.664 -1.51239 432.837 -0.0277302 -0.162892 0.0169612
189 6266.67 1 -37.543 6.12067 430.994 0.0283173 -0.155382 -0.00552128
190 6300 1 -38.6136 12.7811 425.127 0.0782067 -0.124817 -0.000415117
191 6333.33 1 -40.2583 18.3178 421.095 0.119697 -0.0975618 0.0112716
192 6366.67 1 -41.5563 23.111 418.54 0.154883 -0.0831286 0.01256
193 6400 1 -42.5723 27.7646 416.225 0.195839 -0.0671605 0.00880966
194 6433.33 1 -43.4435 32.5412 414.304 0.238031 -0.0528813 0.0056769
195 6466.67 1 -44.438 36.7322 412.317 0.273557 -0.0430325 0.00404168
196 6500 1 -46.3665 40.8489 413.255 0.300335 -0.0265147 0.00167768
197 6533.33 1 -49.5576 44.3873 416.137 0.311241 -0.00366443 -0.00917802
198 6566.67 1 -52.6906 45.8082 417.191 0.302455 0.019346 -0.0158554
199 6600 1 -55.016 45.8474 417.661 0.293602 0.0340438 -0.0179896
200 6633.33 1 -56.5576 45.2271 417.387 0.280631 0.0440042 -0.0202175
201 6666.67 1 -57.9401 44.4593 417.441 0.273596 0.0554124 -0.0211408
202 6700 1 -59.3502 43.4609 417.909 0.267403 0.0670084 -0.0214721
203 6733.33 1 -60.9859 41.6834 417.97 0.251237 0.0826115 -0.0183751
204 6766.67 1 -62.5375 38.4858 416.503 0.222518 0.099866 -0.0162706
205 6800 1 -64.2316 36.0511 415.512 0.199627 0.116485 -0.0208548
206 6833.33 1 -65.4582 34.0042 415.134 0.177114 0.125908 -0.0221178
207 6866.67 1 -66.1173 32.2337 414.465 0.16168 0.131189 -0.0222433
208 6900 1 -66.2553 30.5348 414.536 0.142207 0.132735 -0.020349
209 6933.33 1 -66.0543 28.5852 413.919 0.123113 0.132181 -0.0165993
210 6966.67 1 -65.6947 26.6954 414.107 0.10312 0.130581 -0.0138588
211 7000 1 -65.2556 24.3467 414.215 0.0776613 0.128068 -0.0119395
212 7033.33 1 -64.6054 22.3089 414.118 0.0512904 0.126253 -0.0119375
213 7066.67 1 -63.6125 20.5355 414.736 0.0318947 0.1209 -0.012159
214 7100 1 -62.415 19.2399 415.352 0.0185177 0.115171 -0.0110672
215 7133.33 1 -61.0304 18.0085 415.445 0.00747271 0.108918 -0.00789875
216 7166.67 1 -59.4015 16.9511 415.552 -0.00107874 0.0991134 -0.00401405
217 7200 1 -57.4959 16.1942 415.497 -0.00765705 0.0845518 -0.00412839
218 7233.33 1 -55.8105 15.5817 415.266 -0.0144112 0.0744042 -0.00687063
219 7266.67 1 -54.3513 15.2245 414.547 -0.0143309 0.0652353 -0.00744343
220 7300 1 -52.977 15.2206 414.098 -0.0146271 0.0573972 -0.00633256
221 7333.33 1 -51.5118 15.3205 413.73 -0.012827 0.0473106 -0.00474346
222 7366.67 1 -50.0317 15.5482 412.843 -0.0114956 0.0360153 -0.00447624
223 7400 1 -48.8398 15.7662 412.284 -0.00850258 0.0276263 -0.00416493
224 7433.33 1 -47.9139 16.139 412.189 -0.00369954 0.0198408 -0.0035306
225 7466.67 1 -47.1625 16.4649 412.186 9.11614e-005 0.0138772 -0.00569896
226 7500 1 -46.7202 17.1617 413.028 0.00310393 0.0077869 -0.00687057
227 7533.33 1 -46.4847 17.2311 413.281 0.00476381 0.00580299 -0.0102813
228 7566.67 1 -46.3663 17.0657 413.679 0.0082238 0.00558242 -0.0123625
229 7600 1 -46.3878 16.8111 414.483 0.00993139 0.00624517 -0.0129383
230 7633.33 1 -46.3201 16.518 414.91 0.0145071 0.00614169 -0.0158215
231 7666.67 1 -46.2981 16.2249 415.101 0.0227484 0.00615495 -0.0177873
232 7700 1 -46.4044 15.9279 415.614 0.0299305 0.00781723 -0.0183577
233 7733.33 1 -46.5515 15.7449 416.204 0.0344342 0.00928284 -0.0181424
234 7766.67 1 -46.5874 15.6194 416.428 0.0370688 0.00818245 -0.0187961
235 7800 1 -46.6637 15.5086 416.789 0.0370111 0.00681476 -0.0206232
236 7833.33 1 -46.8595 15.2577 417.116 0.0348361 0.00539751 -0.0229933
237 7866.67 1 -47.0483 15.1845 417.15 0.0353411 0.00512862 -0.02503
238 7900 1 -47.1933 15.1573 417.015 0.0367485 0.00637901 -0.0261023
239 7933.33 1 -47.2001 15.1743 416.608 0.0392664 0.00751593 -0.0269386
240 7966.67 1 -47.0742 15.2823 416.436 0.0373364 0.00890175 -0.0284183
241 8000 1 -46.2928 15.0957 416.294 0.0392108 0.00784669 -0.0301918
242 8033.33 1 -44.7402 14.959 415.871 0.0386709 0.00538257 -0.0282842
243 8066.67 1 -42.3976 14.8111 415.401 0.0386406 0.00126974 -0.0240443
244 8100 1 -39.7306 14.7032 415.403 0.0367414 -0.00474135 -0.0158894
245 8133.33 1 -37.7468 14.78 416.809 0.0356457 -0.0114825 -0.0111931
246 8166.67 1 -36.4408 14.4407 417.226 0.0338431 -0.0131148 -0.00598744
247 8200 1 -35.9127 14.0774 417.119 0.0334599 -0.0114443 -0.00281715
248 8233.33 1 -35.8663 14.1512 416.663 0.035151 -0.00952325 -0.00363019
249 8266.67 1 -36.4658 14.4843 415.391 0.036991 -0.010661 -0.00170018
250 8300 1 -37.8732 14.9962 414.601 0.0371855 -0.00971523 -0.00492169
251 8333.33 1 -39.6536 16.0613 416.575 0.0377701 -0.00748533 -0.0116043
252 8366.67 1 -40.3215 16.143 414.909 0.0390427 -0.00665606 -0.0178582
253 8400 1 -40.7577 16.385 411.649 0.0384091 -0.00877254 -0.0214138
254 8433.33 1 -41.2413 16.8273 409.037 0.0277837 -0.0100988 -0.0248324
255 8466.67 1 -41.7803 17.1816 407.413 0.018087 -0.0106085 -0.0276658
256 8500 1 -42.0558 17.47 406.056 0.0105607 -0.0114195 -0.0317591
257 8533.33 1 -42.0927 17.4748 404.421 0.00279987 -0.0122302 -0.0323623
258 8566.67 1 -42.2723 17.5571 403.287 -0.00563296 -0.0107722 -0.0299909
259 8600 1 -42.7438 17.5468 403.193 -0.0122605 -0.0108362 -0.0290597
260 8633.33 1 -43.4079 17.4992 402.795 -0.019791 -0.0109394 -0.0285332
261 8666.67 1 -44.0874 17.3064 402.449 -0.0240071 -0.00954465 -0.0299889
262 8700 1 -44.6129 17.0654 402.431 -0.027469 -0.00810245 -0.0313325
263 8733.33 1 -44.917 17.0471 402.903 -0.0210542 -0.00970211 -0.0315414
264 8766.67 1 -45.1463 17.0288 404.192 -0.0112167 -0.00937659 -0.0321096
265 8800 1 -45.1266 16.9559 405.847 -0.00474823 -0.0140637 -0.0341423
266 8833.33 1 -45.2566 16.6773 407.54 0.00408501 -0.0143988 -0.0342916
267 8866.67 1 -45.2836 16.6993 407.926 0.0123687 -0.0147908 -0.0339455
268 8900 1 -45.3406 16.7507 407.728 0.0140499 -0.0152125 -0.0328769
269 8933.33 1 -45.6085 16.9528 408.263 0.0170406 -0.0143357 -0.0315335
270 8966.67 1 -46.3152 17.3984 409.61 0.0196622 -0.0111963 -0.0333823
271 9000 1 -46.5563 17.7205 410.223 0.0202788 -0.0107858 -0.0330425
272 9033.33 1 -46.8339 18.0984 410.81 0.018509 -0.0107302 -0.0325037
273 9066.67 1 -47.1012 18.5883 411.122 0.0199982 -0.0127478 -0.032363
274 9100 1 -47.7166 18.8707 411.927 0.0131618 -0.0101875 -0.0326902
275 9133.33 1 -48.2508 18.9721 412.295 0.0152124 -0.00690646 -0.0320243
276 9166.67 1 -48.6224 19.2466 412.501 0.0166708 -0.00615829 -0.0312061
277 9200 1 -48.8107 19.5083 412.47 0.0203669 -0.00647851 -0.029879
278 9233.33 1 -49.0687 19.8231 411.952 0.024678 -0.00463023 -0.0305525
279 9266.67 1 -49.0065 20.1513 411.078 0.0311978 -0.00391721 -0.0306829
280 9300 1 -48.9099 20.1727 410.307 0.0296061 -0.00358024 -0.0306542
281 9333.33 1 -48.6708 20.1918 409.848 0.0275847 -0.00408143 -0.0319631
282 9366.67 1 -48.6211 20.7884 411.07 0.020971 -0.00594218 -0.0342061
283 9400 1 -48.7257 21.5482 413.075 0.0132882 -0.00594842 -0.0380859
284 9433.33 1 -48.3829 20.8365 411.113 0.0121493 -0.005941 -0.0343187
285 9466.67 1 -48.2085 20.4794 410.175 0.0146204 -0.00592426 -0.0318596
286 9500 1 -48.0629 20.3248 409.768 0.0170887 -0.00677692 -0.0292608
287 9533.33 1 -48.0067 20.1442 410.198 0.0153909 -0.00763873 -0.0281643
288 9566.67 1 -47.9375 19.8597 410.431 0.0153683 -0.00766149 -0.0270278
