1 0 1 515.661 -373.92 1209.21 0.0623904 0.207596 0.037952
2 33.3333 1 517.116 -374.974 1212.55 0.0616717 0.204247 0.040118
3 66.6667 1 517.745 -375.453 1214.32 0.0580199 0.205754 0.0436373
4 100 1 518.133 -375.792 1215.51 0.0573624 0.206037 0.0440062
5 133.333 1 518.02 -375.701 1215.1 0.058888 0.205061 0.0426205
6 166.667 1 518.198 -375.836 1215.61 0.0566085 0.206786 0.0425376
7 200 1 518.155 -375.777 1215.45 0.0561671 0.208201 0.0422161
8 233.333 1 518.048 -375.662 1215.06 0.0560877 0.208294 0.0418602
9 266.667 1 518.1 -375.736 1215.3 0.0561177 0.210324 0.0425802
10 300 1 518.263 -375.848 1215.59 0.0571534 0.211535 0.0422845
11 333.333 1 517.127 -374.749 1212.26 0.0497496 0.207757 0.0442956
12 366.667 1 515.707 -373.426 1208.17 0.0473514 0.205562 0.044678
13 400 1 515.619 -373.424 1208.04 0.0475449 0.210933 0.0467231
14 433.333 1 515.46 -373.184 1207.34 0.0451278 0.208937 0.0487377
15 466.667 1 515.569 -373.292 1207.74 0.04385 0.209671 0.0500159
16 500 1 515.268 -373.108 1207.27 0.0410424 0.211344 0.0510079
17 533.333 1 515.524 -373.331 1208.04 0.0401121 0.212187 0.0509645
18 566.667 1 515.4 -373.164 1207.71 0.0426272 0.213943 0.0518216
19 600 1 516.311 -373.804 1209.55 0.0463159 0.213766 0.0488553
20 633.333 1 517.05 -374.155 1210.63 0.0462986 0.208838 0.0492197
21 666.667 1 516.476 -373.677 1209.32 0.0447541 0.210322 0.0485255
22 700 1 516.436 -373.59 1209.2 0.0457279 0.210991 0.0471247
23 733.333 1 516.722 -373.769 1209.87 0.0450061 0.211424 0.0473064
24 766.667 1 517.613 -374.293 1211.69 0.0460457 0.210958 0.0479299
25 800 1 517.8 -374.201 1211.59 0.0464328 0.209222 0.0456142
26 833.333 1 517.921 -374.163 1211.56 0.0458956 0.20661 0.0452452
27 866.667 1 518.979 -374.872 1214.16 0.044882 0.206476 0.0453819
28 900 1 519.007 -374.912 1214.33 0.0451153 0.206864 0.0457304
29 933.333 1 519.242 -375.025 1214.67 0.0475752 0.203842 0.0439551
30 966.667 1 519.569 -375.262 1215.34 0.0493551 0.203907 0.0428453
31 1000 1 519.839 -375.464 1216.05 0.0488538 0.204825 0.0426692
32 1033.33 1 519.684 -375.295 1215.54 0.0513342 0.204961 0.0410468
33 1066.67 1 519.822 -375.245 1215.44 0.0498809 0.20378 0.0397269
34 1100 1 519.885 -375.276 1215.5 0.0496575 0.203365 0.0389346
35 1133.33 1 519.613 -375.012 1214.61 0.0503379 0.202975 0.0384491
36 1166.67 1 520.197 -375.34 1215.88 0.0492016 0.20104 0.0379268
37 1200 1 520.133 -375.283 1215.8 0.0484774 0.204374 0.0375341
38 1233.33 1 520.423 -375.529 1216.61 0.0476463 0.205729 0.0382868
39 1266.67 1 520.464 -375.558 1216.74 0.0472393 0.206069 0.038582
40 1300 1 520.505 -375.596 1216.91 0.0455622 0.206788 0.0390967
41 1333.33 1 520.465 -375.624 1217.04 0.0457338 0.209535 0.0395954
42 1366.67 1 520.29 -375.519 1216.71 0.0455083 0.20951 0.0390645
43 1400 1 520.333 -375.483 1216.64 0.0456906 0.209257 0.0390039
44 1433.33 1 520.474 -375.551 1216.95 0.0469357 0.210315 0.0392228
45 1466.67 1 520.558 -375.622 1217.16 0.0473208 0.210693 0.0389933
46 1500 1 520.55 -375.622 1217.13 0.0477983 0.210192 0.0386186
47 1533.33 1 520.495 -375.583 1217 0.0478939 0.210642 0.0385932
48 1566.67 1 520.348 -375.473 1216.63 0.0481585 0.21065 0.0390334
49 1600 1 521.156 -376.047 1218.72 0.0491593 0.210862 0.0374821
50 1633.33 1 521.322 -376.227 1219.45 0.0490127 0.211109 0.0367509
51 1666.67 1 518.584 -374.764 1213.84 0.0527282 0.212954 0.0352912
52 1700 1 514.238 -372.384 1205.04 0.0563326 0.217255 0.0383026
53 1733.33 1 512.426 -371.635 1202.69 0.0569774 0.214629 0.045691
54 1766.67 1 515.567 -374.517 1212.93 0.0613309 0.210928 0.0546118
55 1800 1 516.924 -376.276 1219.29 0.0608847 0.210371 0.0622008
56 1833.33 1 517.051 -377.047 1222.2 0.0565756 0.207342 0.0664451
57 1866.67 1 517.763 -378.36 1226.72 0.057253 0.205102 0.0697208
58 1900 1 516.082 -378.052 1225.72 0.0571557 0.209709 0.0696738
59 1933.33 1 515.911 -378.822 1228.18 0.0568229 0.20957 0.0716086
60 1966.67 1 515.159 -379.064 1228.7 0.0561136 0.212584 0.0704734
61 2000 1 515.023 -379.567 1229.87 0.0536012 0.208938 0.0672599
62 2033.33 1 513.659 -379.398 1228.95 0.0560977 0.211603 0.0652151
63 2066.67 1 514.337 -380.398 1232.41 0.0546934 0.209534 0.0659313
64 2100 1 514.297 -381.148 1234.22 0.0518388 0.214547 0.0696274
65 2133.33 1 514.4 -381.69 1235.79 0.0524724 0.211016 0.0673108
66 2166.67 1 513.578 -381.413 1234.73 0.0513049 0.211171 0.0648548
67 2200 1 513.055 -381.214 1233.98 0.052055 0.209946 0.0625423
68 2233.33 1 510.212 -379.395 1227.42 0.0481932 0.207973 0.0571545
69 2266.67 1 504.248 -375.22 1212.7 0.0471574 0.210851 0.0438918
70 2300 1 502.897 -374.164 1209.45 0.0462531 0.209684 0.0364044
71 2333.33 1 504.829 -375.887 1214.66 0.0436634 0.208808 0.0304068
72 2366.67 1 506.346 -377.652 1218.61 0.0362575 0.205039 0.0303736
73 2400 1 506.864 -378.431 1219.57 0.0376496 0.202892 0.0259993
74 2433.33 1 507.642 -379.908 1221.5 0.0276533 0.204573 0.023412
75 2466.67 1 506.672 -379.775 1219.68 0.0339559 0.207686 0.0226564
76 2500 1 508.188 -381.537 1223.29 0.027041 0.206526 0.0211566
77 2533.33 1 507.705 -381.653 1222.37 0.0333487 0.21422 0.0133586
78 2566.67 1 508.761 -382.787 1223.78 0.0281964 0.219206 0.00602949
79 2600 1 510.703 -384.534 1226.56 0.02086 0.223101 0.00350376
80 2633.33 1 509.907 -384.406 1221.94 0.0206171 0.224992 -0.00757076
81 2666.67 1 511.822 -386.239 1224.09 0.0209537 0.231134 -0.0161456
82 2700 1 512.382 -386.994 1222.29 0.0215985 0.239507 -0.024214
83 2733.33 1 513.672 -387.914 1221.61 0.0237883 0.24115 -0.0380314
84 2766.67 1 513.063 -387.225 1216.12 0.0235786 0.248463 -0.043249
85 2800 1 516.065 -389.07 1218.85 0.0243646 0.250853 -0.0505718
86 2833.33 1 516.609 -389.107 1216.69 0.028364 0.256197 -0.0512577
87 2866.67 1 517.523 -389.17 1216.06 0.0291328 0.259604 -0.0542541
88 2900 1 516.037 -387.587 1210.72 0.0288766 0.264689 -0.0529748
89 2933.33 1 514.831 -386.695 1207.24 0.0336872 0.265933 -0.0491358
90 2966.67 1 515.119 -387.024 1208.09 0.0360929 0.264397 -0.0471223
91 3000 1 514.185 -386.88 1208.1 0.0379906 0.267486 -0.043367
92 3033.33 1 512.55 -386.488 1208.51 0.0361245 0.267178 -0.0356962
93 3066.67 1 511.153 -387.057 1211.13 0.0301438 0.263574 -0.0279527
94 3100 1 508.332 -387.003 1212.63 0.0316225 0.26198 -0.0243719
95 3133.33 1 503.035 -385.73 1209.98 0.0324505 0.26554 -0.0179041
96 3166.67 1 500.247 -386.55 1213.71 0.0276334 0.256807 -0.0108929
97 3200 1 494.919 -386.231 1213.08 0.0291866 0.255214 -0.00752257
98 3233.33 1 489.357 -385.751 1212.05 0.0271343 0.255558 -0.00605974
99 3266.67 1 485.264 -386.61 1215.71 0.0245048 0.254178 -0.000695
100 3300 1 478.971 -385.362 1214.55 0.0288441 0.256341 0.000387504
101 3333.33 1 474.685 -385.748 1217.01 0.0264496 0.24773 0.00339824
102 3366.67 1 470.009 -385.694 1219.25 0.0336729 0.248896 0.00491945
103 3400 1 466.443 -387.091 1224.75 0.0277171 0.248359 0.0106736
104 3433.33 1 460.204 -385.934 1222.23 0.0316686 0.242674 0.00416036
105 3466.67 1 455.66 -386.685 1224.81 0.0157063 0.247513 0.0123362
106 3500 1 452.37 -388.36 1229.35 0.0034552 0.244242 0.0134866
107 3533.33 1 447.523 -388.493 1228.29 -0.00456393 0.241343 0.0154349
108 3566.67 1 445.466 -390.227 1232.97 -0.00180154 0.237219 0.0147545
109 3600 1 442.4 -391.288 1235.01 0.00260944 0.244989 0.0156378
110 3633.33 1 439.66 -392.095 1237.32 0.00502293 0.250752 0.0149377
111 3666.67 1 441.867 -397.569 1252.74 0.0167464 0.24991 0.0182573
112 3700 1 439.794 -398.576 1255.58 0.0191537 0.247701 0.0197649
113 3733.33 1 438.087 -399.972 1258.55 0.0216619 0.244422 0.0176636
114 3766.67 1 437.319 -402.517 1264.97 0.00934754 0.245325 0.0192529
115 3800 1 433.158 -401.772 1260.38 0.0126537 0.241065 0.0171255
116 3833.33 1 432.187 -403.863 1265.25 0.00673647 0.239753 0.0198369
117 3866.67 1 429.415 -404.611 1264.91 -0.00315367 0.245538 0.0225795
118 3900 1 428.799 -406.099 1267.42 -4.21133e-006 0.240939 0.0283372
119 3933.33 1 426.576 -405.897 1264.94 0.000407752 0.248227 0.0293556
120 3966.67 1 427.436 -407.299 1267.5 -0.00466662 0.239828 0.0288713
121 4000 1 427.492 -407.37 1267.53 0.00136165 0.239634 0.0271586
122 4033.33 1 429.423 -407.97 1269.28 0.00297469 0.233254 0.0265597
123 4066.67 1 430.335 -407.594 1267.9 0.00441327 0.237096 0.027472
124 4100 1 432.505 -407.434 1267.47 0.0043999 0.232851 0.0274804
125 4133.33 1 433.605 -406.506 1263.83 0.009002 0.233356 0.0253564
126 4166.67 1 435.437 -405.997 1261.6 0.00742376 0.23298 0.0257777
127 4200 1 437.819 -406.127 1260.48 0.0039609 0.23607 0.0258356
128 4233.33 1 439.585 -405.486 1257.39 0.00712008 0.239638 0.0238894
129 4266.67 1 443.441 -406.324 1258.54 0.00311355 0.235024 0.0231
130 4300 1 444.087 -404.39 1251.33 0.00625348 0.23736 0.020728
131 4333.33 1 446.788 -404.52 1250.35 0.00170804 0.240226 0.0218283
132 4366.67 1 449.71 -404.571 1248.73 -0.00196704 0.23901 0.0201951
133 4400 1 453.185 -404.973 1249.04 0.00559444 0.241346 0.0179392
134 4433.33 1 456.853 -405.664 1250.21 0.0110688 0.239701 0.019402
135 4466.67 1 459.042 -405.351 1246.81 0.00023835 0.240481 0.0222357
136 4500 1 460.888 -404.208 1242.95 0.00496738 0.244512 0.0204984
137 4533.33 1 463.646 -403.635 1241.07 0.00685143 0.240605 0.0208259
138 4566.67 1 466.538 -403.381 1240.16 0.00434883 0.246083 0.0194193
139 4600 1 468.156 -401.702 1235.88 -0.00147175 0.239227 0.0113812
140 4633.33 1 470.559 -400.976 1233.79 -0.00919956 0.241974 0.0092475
141 4666.67 1 471.081 -399.118 1228.05 -0.0103473 0.247023 0.00740013
142 4700 1 472.822 -398.233 1225.15 -0.00908738 0.248486 0.0040479
143 4733.33 1 474.334 -397.304 1221.34 -0.0099329 0.249594 0.00404935
144 4766.67 1 475.82 -396.869 1218.12 -0.0156693 0.247795 0.000730914
145 4800 1 477.497 -396.642 1215.79 -0.0180524 0.248957 0.00631169
146 4833.33 1 478.534 -396.537 1213.77 -0.0234509 0.251594 0.00134549
147 4866.67 1 480.244 -397.563 1213.81 -0.0255048 0.248923 0.000697317
148 4900 1 480.645 -398.064 1211.98 -0.0261321 0.251282 -0.00172377
149 4933.33 1 481.663 -399.16 1211.4 -0.0282061 0.249073 -0.00375137
150 4966.67 1 481.116 -399.78 1209.6 -0.0236408 0.256384 -0.0121163
151 5000 1 481.122 -401.098 1209.75 -0.0248204 0.258504 -0.0137602
152 5033.33 1 478.742 -400.176 1204.61 -0.017884 0.265793 -0.0156829
153 5066.67 1 477.041 -399.668 1201.26 -0.0160651 0.263813 -0.026145
154 5100 1 475.075 -398.963 1199.09 -0.0132491 0.27047 -0.0285442
155 5133.33 1 472.075 -396.88 1194.86 -0.000931708 0.276463 -0.0329633
156 5166.67 1 470.402 -395.139 1194.81 0.00651796 0.280508 -0.0368215
157 5200 1 467.97 -391.008 1191.99 0.0225364 0.273294 -0.0402249
158 5233.33 1 465.706 -386.511 1192.03 0.0337418 0.270435 -0.0437247
159 5266.67 1 462.225 -380.198 1189.68 0.0393934 0.274022 -0.0418724
160 5300 1 456.765 -371.208 1182.51 0.0549925 0.278565 -0.0379957
161 5333.33 1 453.427 -364.231 1181.85 0.0723475 0.271148 -0.0365841
162 5366.67 1 451.232 -357.631 1184.26 0.0818139 0.269603 -0.034095
163 5400 1 447.498 -349.863 1183.27 0.0899231 0.264456 -0.0267413
164 5433.33 1 446.869 -344.305 1189.46 0.101712 0.257147 -0.0233951
165 5466.67 1 441.933 -335.584 1184.54 0.113106 0.261116 -0.0189169
166 5500 1 439.567 -328.864 1185.56 0.11512 0.256876 -0.0177039
167 5533.33 1 437.102 -321.826 1185.49 0.119089 0.256482 -0.016978
168 5566.67 1 434.455 -314.942 1185.13 0.115169 0.258761 -0.0139255
169 5600 1 432.211 -307.77 1184.3 0.117392 0.259588 -0.00679827
170 5633.33 1 430.552 -301.014 1185.51 0.119191 0.259067 -0.00603033
171 5666.67 1 431.053 -295.382 1191.91 0.116455 0.255573 0.000790933
172 5700 1 429.596 -287.999 1192.84 0.125439 0.25474 -0.00157062
173 5733.33 1 426.71 -279.197 1188.82 0.127171 0.259567 0.00333635
174 5766.67 1 422.02 -269.106 1179.91 0.145562 0.255524 0.00165134
175 5800 1 421.058 -260.934 1180.37 0.141944 0.246853 0.0012804
176 5833.33 1 419.552 -252.424 1179.64 0.149311 0.251746 -0.00450586
177 5866.67 1 419.097 -244.498 1181.6 0.155053 0.241194 -0.00719137
178 5900 1 418.587 -237.031 1184.25 0.156305 0.245811 -0.00908145
179 5933.33 1 418.698 -229.991 1186.38 0.148288 0.247463 -0.00586071
180 5966.67 1 418.684 -222.882 1188.51 0.139433 0.252926 -0.00465109
181 6000 1 417.911 -215.598 1187.45 0.138247 0.255367 -0.00795941
182 6033.33 1 419.806 -210.362 1194.38 0.130051 0.255491 -0.00652503
183 6066.67 1 419.44 -204.339 1194.63 0.125168 0.255855 -0.00495439
184 6100 1 418.818 -198.86 1194.74 0.113545 0.26252 -0.00121361
185 6133.33 1 418.754 -194.314 1195.54 0.0986547 0.261426 0.00274811
186 6166.67 1 420.243 -191.878 1200.71 0.104915 0.256177 -0.00040242
187 6200 1 420.689 -190.273 1203.65 0.100715 0.254359 0.00272275
188 6233.33 1 419.525 -189.447 1202.32 0.0878951 0.260515 0.00674792
189 6266.67 1 419.255 -190.393 1203.73 0.0775555 0.259903 0.0102117
190 6300 1 418.904 -192.871 1204.93 0.0689903 0.260784 0.0113408
191 6333.33 1 418.664 -196.585 1207.18 0.061798 0.25994 0.0105987
192 6366.67 1 418.444 -201.219 1209.73 0.0363853 0.256181 0.0144605
193 6400 1 418.972 -206.864 1212.64 0.0413119 0.263581 0.0229565
194 6433.33 1 418.787 -213.142 1214.89 0.0374786 0.265115 0.0214898
195 6466.67 1 418.482 -219.301 1215.94 0.0427725 0.262177 0.0184264
196 6500 1 417.302 -224.87 1214.44 0.041494 0.266877 0.0181084
197 6533.33 1 417.923 -231.681 1218.43 0.0446793 0.26098 0.017028
198 6566.67 1 416.726 -238.139 1217.75 0.0370863 0.263144 0.0209155
199 6600 1 415.822 -244.414 1217.97 0.0419066 0.261106 0.0196266
200 6633.33 1 416.02 -251.369 1221.31 0.0491788 0.263347 0.018966
201 6666.67 1 415.188 -257.749 1219.64 0.0358927 0.260082 0.0158204
202 6700 1 413.517 -264.044 1217.09 0.0388192 0.269825 0.0177746
203 6733.33 1 417.149 -273.96 1229.5 0.0427776 0.252008 0.0197865
204 6766.67 1 419.163 -283.633 1239.35 0.0353903 0.258731 0.0257699
205 6800 1 419.762 -293.017 1243.06 0.0303429 0.257039 0.0301877
206 6833.33 1 419.602 -301.298 1240.55 0.0337434 0.242877 0.0220581
207 6866.67 1 419.744 -311.214 1243.99 0.0360187 0.256921 0.027158
208 6900 1 420.842 -320.818 1244.44 0.0349943 0.238419 0.0127998
209 6933.33 1 420.508 -329.816 1241.83 0.0328604 0.234899 0.00744127
210 6966.67 1 421.193 -340.137 1243.81 0.0295706 0.236808 0.00628125
211 7000 1 422.244 -350.627 1246.93 0.0241428 0.236688 0.00351469
212 7033.33 1 423.84 -361.386 1253.62 0.0210743 0.248695 0.0154626
213 7066.67 1 422.845 -369.514 1252.55 0.0175224 0.259306 0.0249259
214 7100 1 423.608 -377.513 1252.76 0.0215607 0.246186 0.0165774
215 7133.33 1 423.034 -384.199 1251.56 0.0164351 0.250694 0.0187657
216 7166.67 1 423.3 -390.757 1252.92 0.0175284 0.254566 0.0175249
217 7200 1 425.548 -398.339 1259.38 0.00848985 0.248386 0.0143639
218 7233.33 1 425.242 -402.639 1259.37 -0.00459879 0.255673 0.0198429
219 7266.67 1 423.918 -405.255 1257.7 0.0032698 0.26276 0.0266483
220 7300 1 424.881 -408.867 1260.53 0.00623006 0.257224 0.0262402
221 7333.33 1 424.682 -410.446 1261.11 0.0178702 0.263404 0.0245805
222 7366.67 1 424.47 -410.709 1260 0.0229677 0.260297 0.022636
223 7400 1 424.888 -411.488 1261.91 0.0242776 0.263064 0.0240801
224 7433.33 1 426.432 -412.985 1264.91 0.0175968 0.254375 0.0220671
225 7466.67 1 426.106 -413.083 1263.99 0.0241755 0.254735 0.0238812
226 7500 1 426.202 -413.186 1264.16 0.0254589 0.252767 0.0239122
227 7533.33 1 426.559 -413.41 1265.08 0.0250096 0.251324 0.0224048
228 7566.67 1 427.571 -413.979 1267.07 0.0258361 0.243167 0.0214479
229 7600 1 428.828 -413.7 1269.29 0.0302991 0.240679 0.0232561
230 7633.33 1 430.813 -414.281 1274.19 0.035607 0.243165 0.0233096
231 7666.67 1 431.356 -414.715 1275.44 0.0319246 0.242386 0.0236925
232 7700 1 431.611 -415.224 1276.84 0.0227287 0.241127 0.0245728
233 7733.33 1 430.278 -415.329 1276.47 0.0265248 0.237702 0.0236304
234 7766.67 1 430.457 -417.297 1281.91 0.0290301 0.233067 0.0278624
235 7800 1 427.993 -417.062 1281.21 0.0291784 0.223757 0.0317973
236 7833.33 1 425.442 -417.008 1281.13 0.0246676 0.21835 0.0356754
237 7866.67 1 423.814 -418.636 1287.25 0.01994 0.212971 0.0401372
238 7900 1 422.898 -420.967 1296.28 0.0193425 0.2046 0.0404817
239 7933.33 1 418.494 -420.546 1298.43 0.0169418 0.207698 0.0410998
240 7966.67 1 413.747 -419.542 1299.34 0.0146038 0.204199 0.0413714
241 8000 1 411.014 -420.368 1307.84 0.0156993 0.201168 0.0397268
242 8033.33 1 405.89 -419.901 1311.22 0.0223654 0.208288 0.0386746
243 8066.67 1 400.894 -419.116 1314.17 0.0185663 0.203684 0.0445089
244 8100 1 396.375 -419.303 1320.02 0.0199448 0.200887 0.0412603
245 8133.33 1 392.412 -420.682 1328.24 0.0266408 0.204406 0.0373076
246 8166.67 1 387.04 -419.732 1329.94 0.0240554 0.202143 0.0335557
247 8200 1 381.875 -418.931 1333.28 0.0252232 0.214847 0.0340674
248 8233.33 1 376.884 -417.619 1334.01 0.0199184 0.214491 0.0400678
249 8266.67 1 373.781 -417.515 1339.27 0.0122983 0.215006 0.0413757
250 8300 1 370.843 -417.109 1341.61 0.0185242 0.214864 0.036574
251 8333.33 1 369.37 -418.155 1348.28 0.0177324 0.216358 0.0346387
252 8366.67 1 366.431 -417.054 1346.03 0.0228523 0.217558 0.0326604
253 8400 1 365.047 -416.588 1346.08 0.0282683 0.21535 0.0315145
254 8433.33 1 365.052 -417.398 1349.29 0.0270599 0.214098 0.0271742
255 8466.67 1 364.717 -417.008 1348.41 0.022447 0.218655 0.0268696
256 8500 1 366.274 -417.706 1350.3 0.0247238 0.219663 0.0278195
257 8533.33 1 367.366 -417.104 1347.63 0.0271913 0.222968 0.0256685
258 8566.67 1 371.555 -419.19 1351.23 0.025091 0.220349 0.0230565
259 8600 1 374.151 -418.656 1346.39 0.0226763 0.217212 0.0205175
260 8633.33 1 378.462 -419.398 1344.94 0.0179886 0.213369 0.0170803
261 8666.67 1 384.311 -421.333 1347.52 0.0233161 0.213391 0.0149813
262 8700 1 388.754 -421.033 1343.26 0.0250276 0.210534 0.0190322
263 8733.33 1 394.431 -421.367 1340.51 0.0244599 0.206189 0.0183141
264 8766.67 1 399.52 -421.809 1337.55 0.0245635 0.209085 0.0135744
265 8800 1 405.25 -422.494 1336.44 0.0245069 0.204986 0.0097916
266 8833.33 1 409.734 -421.998 1331.53 0.0149749 0.202281 0.0144697
267 8866.67 1 414.751 -422.675 1329.85 0.00920631 0.206213 0.0178484
268 8900 1 418.535 -421.367 1321.86 0.0117129 0.194613 0.0185096
269 8933.33 1 421.756 -419.961 1314.86 0.0201868 0.201564 0.0163114
270 8966.67 1 427.025 -420.751 1313.78 0.0185405 0.19199 0.0162398
271 9000 1 430.75 -420.003 1308.36 0.0146593 0.193533 0.0172897
272 9033.33 1 432.414 -417.305 1297.72 0.0216699 0.196672 0.0186874
273 9066.67 1 439.889 -419.913 1303.93 0.010453 0.194877 0.0195578
274 9100 1 443.187 -418 1296.47 0.00967262 0.194469 0.0238864
275 9133.33 1 448.654 -417.972 1295.35 0.00642862 0.197496 0.0231897
276 9166.67 1 451.711 -415.859 1287.53 0.0134249 0.203784 0.0228194
277 9200 1 458.659 -417.224 1289.33 0.0116209 0.201239 0.0198224
278 9233.33 1 463.858 -416.849 1287.7 0.0144935 0.202834 0.0146367
279 9266.67 1 469.428 -417.312 1285.83 0.00521668 0.206463 0.0183625
280 9300 1 473.545 -416.741 1280.67 0.00151081 0.203022 0.0137726
281 9333.33 1 476.313 -415.155 1273.57 0.000341978 0.213579 0.0155818
282 9366.67 1 479.005 -413.431 1267.27 0.00290136 0.218946 0.0108749
283 9400 1 482.114 -412.303 1262.98 -0.0043471 0.22888 0.0122295
284 9433.33 1 485.341 -412.029 1259.23 -0.012653 0.233333 0.0136472
285 9466.67 1 487.636 -411.327 1254.81 -0.00637708 0.24123 0.00975491
286 9500 1 490.53 -411.499 1253.29 -0.00904901 0.254071 0.0151892
287 9533.33 1 493.54 -410.691 1251.05 -0.00967294 0.256113 0.0162449
288 9566.67 1 496.506 -410.938 1250.47 -0.0089293 0.263917 0.021379
289 9600 1 498.978 -411.593 1248.86 -0.0140274 0.279945 0.0226884
290 9633.33 1 500.319 -410.64 1245.56 -0.0171058 0.289434 0.0250386
291 9666.67 1 497.005 -406.541 1233.53 -0.0414463 0.293309 0.0335928
292 9700 1 496.779 -404.776 1228.11 -0.0602921 0.310885 0.0531733
293 9733.33 1 501.165 -407.58 1233.93 -0.0667811 0.320922 0.0593572
294 9766.67 1 504.362 -409.357 1236.32 -0.0753812 0.328802 0.0705202
295 9800 1 502.06 -406.318 1227.09 -0.0752559 0.345667 0.079857
296 9833.33 1 503.808 -406.527 1227.14 -0.0747224 0.353654 0.0850815
297 9866.67 1 505.244 -406.944 1227.29 -0.0753978 0.357467 0.094825
298 9900 1 503.335 -404.842 1220.77 -0.0764948 0.37289 0.107777
299 9933.33 1 503.444 -404.201 1218.79 -0.0855272 0.387459 0.120739
300 9966.67 1 504.955 -404.484 1220.39 -0.0898983 0.397168 0.12957
301 10000 1 503.784 -403.596 1217.14 -0.104787 0.405866 0.146826
302 10033.3 1 504.771 -404.157 1219.03 -0.110182 0.41568 0.152205
303 10066.7 1 504.798 -403.269 1219.23 -0.106912 0.428219 0.151725
304 10100 1 505.92 -403.126 1221.99 -0.103282 0.436602 0.147504
305 10133.3 1 509.632 -405.335 1231.06 -0.106064 0.442378 0.148578
306 10166.7 1 510.639 -405.98 1233.75 -0.115066 0.447488 0.155224
307 10200 1 512.046 -406.481 1237.1 -0.120477 0.453482 0.155329
308 10233.3 1 512.735 -406.383 1239.85 -0.114851 0.459613 0.152429
309 10266.7 1 512.533 -406.392 1240.6 -0.122501 0.463685 0.155288
310 10300 1 512.721 -406.739 1242.42 -0.121236 0.459545 0.146692
311 10333.3 1 511.144 -405.902 1240.43 -0.12517 0.464726 0.151395
312 10366.7 1 508.489 -403.607 1236.02 -0.116206 0.465017 0.153414
313 10400 1 507.721 -403.595 1237.22 -0.118615 0.466533 0.149916
314 10433.3 1 506.862 -404.143 1238.72 -0.114002 0.466691 0.147947
315 10466.7 1 503.869 -403.569 1236.2 -0.111535 0.473009 0.142092
316 10500 1 500.724 -403.192 1234.56 -0.112444 0.471614 0.141923
317 10533.3 1 497.636 -402.983 1233.56 -0.110717 0.467609 0.133112
318 10566.7 1 494.432 -403.09 1233.56 -0.107221 0.465993 0.124582
319 10600 1 489.771 -402.46 1230.69 -0.107121 0.471036 0.11702
320 10633.3 1 484.785 -401.868 1228.39 -0.0999661 0.473009 0.104248
321 10666.7 1 477.996 -400.096 1222.85 -0.0980894 0.476986 0.0952368
322 10700 1 474.231 -401.463 1226.2 -0.0935331 0.46851 0.0787414
323 10733.3 1 466.627 -400.026 1220.71 -0.0855809 0.461692 0.0589567
324 10766.7 1 462.827 -402.336 1226.8 -0.0816643 0.456978 0.0371196
325 10800 1 458.129 -404.112 1231.71 -0.0737438 0.443407 0.0116237
326 10833.3 1 452.441 -405.3 1235.82 -0.067433 0.434118 -0.013154
327 10866.7 1 446.823 -407.088 1241.9 -0.0563205 0.422638 -0.0436461
328 10900 1 440.037 -408.156 1246.58 -0.0513999 0.41183 -0.0699477
329 10933.3 1 432.018 -409.57 1252.47 -0.0198721 0.397699 -0.0815986
330 10966.7 1 424.307 -410.147 1257.71 -0.00914341 0.386267 -0.10358
331 11000 1 418.066 -412.441 1267.32 -0.0113215 0.373313 -0.121374
332 11033.3 1 411.07 -413.435 1273.83 -0.00944301 0.358852 -0.133774
333 11066.7 1 404.083 -414.146 1280.54 -0.0119515 0.343088 -0.154085
334 11100 1 396.78 -414.475 1285.39 -0.0123987 0.331251 -0.174392
335 11133.3 1 389.279 -413.763 1287.13 -0.0134131 0.329085 -0.185987
336 11166.7 1 383.042 -413.623 1289.41 -0.0180421 0.328056 -0.194178
337 11200 1 377.74 -413.381 1291.18 -0.0161974 0.324747 -0.198382
338 11233.3 1 372.706 -411.925 1289.39 -0.0261613 0.318912 -0.204963
339 11266.7 1 370.715 -413.276 1295.5 -0.0239896 0.313263 -0.205121
340 11300 1 367.506 -412.613 1293.92 -0.0294547 0.312123 -0.206993
341 11333.3 1 366.308 -413.289 1296.23 -0.0307453 0.306407 -0.209646
342 11366.7 1 365.388 -413.794 1298.24 -0.0313636 0.305333 -0.207437
343 11400 1 364.563 -414.135 1299.45 -0.0322682 0.303017 -0.204591
344 11433.3 1 364.308 -414.759 1300.9 -0.0329205 0.294957 -0.204418
345 11466.7 1 363.374 -415.012 1301.7 -0.0361438 0.29675 -0.198541
346 11500 1 361.634 -414.424 1299.77 -0.0361959 0.295143 -0.197592
347 11533.3 1 360.469 -415.014 1301.42 -0.0386026 0.292623 -0.193245
348 11566.7 1 359.978 -416.147 1304.16 -0.0409467 0.29039 -0.189171
349 11600 1 357.968 -416.033 1302.83 -0.0390721 0.297813 -0.180322
350 11633.3 1 357.08 -416.435 1303.56 -0.0358517 0.29657 -0.1789
351 11666.7 1 356.143 -416.497 1303.06 -0.0355145 0.303807 -0.177011
352 11700 1 355.613 -416.889 1303.28 -0.0356888 0.311992 -0.169148
353 11733.3 1 355.314 -417.024 1302.07 -0.0407632 0.313481 -0.170524
354 11766.7 1 355.97 -417.798 1303.94 -0.0368067 0.31805 -0.171974
355 11800 1 355.791 -417.512 1302.9 -0.0389254 0.321314 -0.171389
356 11833.3 1 355.54 -417.326 1302.19 -0.0387095 0.327322 -0.173059
357 11866.7 1 355.275 -417.619 1302.52 -0.0384995 0.336874 -0.170992
358 11900 1 354.186 -417.123 1299.02 -0.0391581 0.341137 -0.164473
359 11933.3 1 353.737 -417.177 1298.36 -0.0367521 0.345755 -0.161226
360 11966.7 1 354.508 -418.664 1301.53 -0.0384701 0.343112 -0.152109
361 12000 1 353.973 -418.354 1299.7 -0.0379613 0.344428 -0.144652
362 12033.3 1 354.156 -418.569 1299.71 -0.0390264 0.34884 -0.137893
363 12066.7 1 356.231 -420.518 1303.55 -0.0347773 0.347144 -0.132347
364 12100 1 358.077 -420.507 1300.73 -0.0422342 0.340061 -0.126506
365 12133.3 1 362.638 -423.006 1304.91 -0.0407256 0.334529 -0.11969
366 12166.7 1 367.157 -424.033 1303.51 -0.0391649 0.324783 -0.11568
367 12200 1 371.87 -423.782 1299.07 -0.0355465 0.319741 -0.111181
368 12233.3 1 379.194 -425.19 1299.85 -0.0363928 0.314537 -0.102012
369 12266.7 1 385.262 -425.016 1295.39 -0.0342139 0.315061 -0.094364
370 12300 1 393.52 -426.504 1296.26 -0.0312278 0.309897 -0.0881944
371 12333.3 1 400.198 -425.833 1291.13 -0.033068 0.300959 -0.083105
372 12366.7 1 406.308 -424.374 1284.46 -0.0324892 0.295283 -0.077013
373 12400 1 412.855 -424.093 1279.67 -0.0298523 0.286982 -0.0691662
374 12433.3 1 417.636 -422.582 1272 -0.0281111 0.287938 -0.0679592
375 12466.7 1 421.76 -420.999 1264.91 -0.0264424 0.294081 -0.0586987
376 12500 1 426.823 -420.6 1263.01 -0.0230505 0.295598 -0.0535042
377 12533.3 1 431.037 -420.387 1260.31 -0.0220494 0.297123 -0.0476193
378 12566.7 1 435.171 -420.556 1256.79 -0.0242739 0.289706 -0.046604
379 12600 1 438.455 -419.739 1252.95 -0.0203166 0.29083 -0.040312
380 12633.3 1 441.365 -418.756 1249.68 -0.0192462 0.293364 -0.039832
381 12666.7 1 445.677 -419.278 1250.69 -0.0165344 0.289618 -0.040063
382 12700 1 447.143 -418.058 1245.1 -0.0179634 0.286971 -0.033847
383 12733.3 1 449.833 -418.067 1242.69 -0.0290366 0.288421 -0.0243367
384 12766.7 1 451.971 -416.554 1237.03 -0.0227994 0.276468 -0.0152977
385 12800 1 452.548 -411.105 1226.31 -0.0220559 0.263726 -0.0207054
386 12833.3 1 451.694 -398.693 1209.24 0.0217617 0.245534 -0.0240366
387 12866.7 1 460.319 -393.441 1219.1 0.0654677 0.229698 0.0144413
388 12900 1 96.787 -12.0111 703.34 -0.0114717 0.243559 -0.00634282
389 12933.3 1 96.5216 -11.6498 701.669 -0.0220109 0.245945 -0.00893991
390 12966.7 1 96.4425 -11.4872 700.11 -0.0275414 0.246398 -0.0118812
391 13000 1 96.5358 -11.3395 698.904 -0.0314134 0.246309 -0.0148355
392 13033.3 1 96.6764 -11.0264 698.067 -0.0293007 0.243817 -0.0156245
393 13066.7 1 96.8043 -10.9094 697.853 -0.0287704 0.243679 -0.0155837
394 13100 1 96.9721 -10.7044 697.655 -0.0235646 0.240545 -0.013033
395 13133.3 1 96.9026 -10.521 695.88 -0.0256014 0.241095 -0.0134673
396 13166.7 1 97.1481 -10.5 695.81 -0.0278307 0.237688 -0.0146851
397 13200 1 97.6496 -10.2607 696.487 -0.0258487 0.233474 -0.0141071
398 13233.3 1 97.7763 -10.297 697.333 -0.0321355 0.234699 -0.0132681
399 13266.7 1 97.9812 -10.1094 698.463 -0.0309624 0.234068 -0.0124675
400 13300 1 97.9357 -10.0519 699.344 -0.0337709 0.234584 -0.0147601
401 13333.3 1 98.0521 -9.89306 700.517 -0.0341804 0.233899 -0.0172243
402 13366.7 1 97.8759 -9.57287 700.625 -0.03123 0.236419 -0.0183233
403 13400 1 97.8082 -9.5485 700.586 -0.0275591 0.236141 -0.0184569
404 13433.3 1 97.6777 -9.52531 701.988 -0.0292163 0.241295 -0.0180961
405 13466.7 1 97.564 -9.01695 702.279 -0.022631 0.243777 -0.018457
406 13500 1 96.9116 -8.38082 698.663 -0.00743552 0.246949 -0.0173803
407 13533.3 1 96.659 -8.05003 697.336 0.00361876 0.246692 -0.0202621
408 13566.7 1 96.5102 -7.93331 696.793 0.00660133 0.246297 -0.0220838
409 13600 1 96.0397 -8.05512 696.368 0.00351637 0.254321 -0.019048
410 13633.3 1 95.8542 -8.17667 696.141 -0.00082127 0.256504 -0.0186525
411 13666.7 1 95.778 -8.2951 696.448 -0.00424863 0.260486 -0.0177295
412 13700 1 95.9303 -8.57887 695.963 -0.00595691 0.260008 -0.017475
413 13733.3 1 95.9896 -8.78236 696.552 -0.0120227 0.26205 -0.0155523
414 13766.7 1 96.5578 -9.09309 698.685 -0.0168266 0.257885 -0.0141353
415 13800 1 97.133 -9.28444 700.734 -0.0215234 0.256698 -0.010592
416 13833.3 1 97.645 -9.44828 702.17 -0.0237811 0.252285 -0.00955706
417 13866.7 1 97.9484 -9.57669 703.437 -0.0232974 0.250966 -0.00840975
418 13900 1 98.4062 -9.60332 705.574 -0.0273785 0.247483 -0.00811966
419 13933.3 1 98.5121 -9.50601 706.491 -0.0269551 0.245102 -0.00961443
420 13966.7 1 98.4911 -9.24007 707.2 -0.027513 0.246085 -0.0102954
421 14000 1 98.1588 -8.97868 706.252 -0.0278471 0.244696 -0.0138754
422 14033.3 1 97.668 -8.45452 704.644 -0.0203236 0.245963 -0.014463
423 14066.7 1 96.8491 -7.67134 699.236 -7.58515e-005 0.241667 -0.0205913
424 14100 1 96.2241 -7.12296 696.168 0.0121625 0.242632 -0.0221799
425 14133.3 1 96.1127 -7.13695 698.232 0.00904781 0.248331 -0.0230866
426 14166.7 1 95.9429 -7.64429 699.634 -0.00479209 0.252253 -0.0203147
427 14200 1 95.643 -7.78245 698.28 -0.00707962 0.253279 -0.0174004
428 14233.3 1 95.686 -7.67053 696.998 0.00461361 0.246758 -0.0224773
429 14266.7 1 95.7888 -7.75095 696.524 0.0125613 0.241843 -0.023956
430 14300 1 95.8548 -8.00774 697.084 0.00876123 0.24466 -0.0230935
431 14333.3 1 95.9221 -8.5512 697.232 0.000150845 0.250063 -0.0191503
432 14366.7 1 96.0492 -9.08734 697.595 -0.00609514 0.252408 -0.0163549
433 14400 1 96.143 -9.50446 697.628 -0.0116097 0.25722 -0.0144859
434 14433.3 1 96.5885 -9.91997 698.379 -0.0175935 0.255911 -0.0127575
435 14466.7 1 97.1948 -10.2693 700.188 -0.0220851 0.252982 -0.00775905
436 14500 1 97.9401 -10.858 703.083 -0.0338023 0.248335 -0.00587302
437 14533.3 1 98.5185 -11.5913 703.927 -0.047092 0.243639 -0.00022032
438 14566.7 1 98.9645 -11.9643 704.989 -0.0558074 0.241119 0.00138806
439 14600 1 99.4033 -12.6452 707.292 -0.0641513 0.238798 0.00383771
440 14633.3 1 99.4442 -13.013 706.99 -0.0715064 0.239108 0.0059765
441 14666.7 1 98.7312 -12.3441 702.189 -0.0502523 0.240619 0.00426423
442 14700 1 98.4788 -12.0878 700.036 -0.0461449 0.240445 0.00318454
443 14733.3 1 98.5746 -12.1006 700.311 -0.0479901 0.240106 0.00685523
444 14766.7 1 99.2177 -12.6332 705.228 -0.0569992 0.235777 0.00706007
445 14800 1 99.8229 -12.6762 707.289 -0.0620616 0.226547 0.00657273
446 14833.3 1 100.085 -12.5058 709.107 -0.0647267 0.22441 0.00385823
447 14866.7 1 100.144 -12.1861 708.909 -0.0590486 0.222518 0.00482872
448 14900 1 100.053 -11.8256 707.919 -0.0570472 0.218749 0.00567687
449 14933.3 1 99.691 -11.5464 706.109 -0.056369 0.215613 0.00585656
450 14966.7 1 99.4551 -11.4608 705.438 -0.0564352 0.213382 0.00430027
451 15000 1 99.1746 -11.4771 704.6 -0.0526135 0.211272 0.00315605
452 15033.3 1 99.0796 -11.4466 704.856 -0.0482699 0.211405 0.00308069
453 15066.7 1 99.0094 -11.3267 704.559 -0.0413666 0.21093 0.00271919
454 15100 1 98.7206 -11.0164 703.04 -0.0251131 0.213048 9.9498e-005
455 15133.3 1 99.1402 -10.9771 704.465 -0.0241486 0.215041 -0.00158984
456 15166.7 1 99.0326 -10.8518 704.336 -0.0245969 0.217951 -0.00496439
457 15200 1 99.0192 -10.74 705.141 -0.0250811 0.221442 -0.0077176
458 15233.3 1 99.0178 -10.7481 705.697 -0.0283707 0.224593 -0.0100515
459 15266.7 1 99.0329 -10.7932 706.129 -0.0338389 0.224663 -0.011983
460 15300 1 98.9718 -10.8047 706.588 -0.03138 0.225593 -0.0130249
461 15333.3 1 98.9121 -10.8569 706.651 -0.0322213 0.22659 -0.0130258
462 15366.7 1 98.7557 -10.8887 706.315 -0.0331628 0.226465 -0.0123241
463 15400 1 98.8179 -11.0055 707.021 -0.0354506 0.226122 -0.0120263
464 15433.3 1 98.6546 -10.8836 706.926 -0.0305513 0.225423 -0.0148658
465 15466.7 1 98.7735 -10.975 707.653 -0.0343441 0.225769 -0.0153241
466 15500 1 98.6343 -10.9089 706.86 -0.030419 0.224541 -0.0140402
467 15533.3 1 98.4265 -10.8275 706.015 -0.0280361 0.222988 -0.0139516
468 15566.7 1 98.2735 -10.7396 705.176 -0.0258857 0.223312 -0.0143362
469 15600 1 97.7627 -10.3041 702.435 -0.0142727 0.224046 -0.014908
470 15633.3 1 97.5205 -10.122 701.039 -0.00775359 0.224229 -0.0150099
471 15666.7 1 97.4543 -10.1552 701.189 -0.00629914 0.224679 -0.0160327
472 15700 1 97.436 -10.2073 701.425 -0.00786675 0.224213 -0.0149826
473 15733.3 1 97.1262 -10.259 700.349 -0.00757999 0.224534 -0.0170979
474 15766.7 1 97.0232 -10.4388 701.022 -0.0103808 0.226168 -0.0175179
475 15800 1 96.7321 -10.5497 700.106 -0.0110461 0.226445 -0.017852
476 15833.3 1 96.4371 -10.5661 700.484 -0.00963208 0.227665 -0.0193867
477 15866.7 1 96.3111 -10.5548 700.761 -0.0127014 0.227901 -0.01964
478 15900 1 96.1708 -10.5466 702.222 -0.0152561 0.230733 -0.0199912
479 15933.3 1 96.1019 -10.6694 703.944 -0.0181941 0.231005 -0.020844
480 15966.7 1 95.9887 -10.7238 704.09 -0.0233167 0.229171 -0.021361
481 16000 1 96.1055 -10.8158 706.806 -0.0329702 0.229699 -0.0203912
482 16033.3 1 95.9535 -10.5795 706.778 -0.0343215 0.230486 -0.0187522
483 16066.7 1 95.8864 -10.2298 707.444 -0.0309948 0.229146 -0.0218012
484 16100 1 95.6749 -9.87694 707.209 -0.0234604 0.22906 -0.0255011
485 16133.3 1 95.8178 -9.61857 708.299 -0.0201052 0.227491 -0.0271441
486 16166.7 1 95.9071 -9.51567 708.762 -0.0209579 0.225835 -0.0259975
487 16200 1 95.8193 -9.33071 708.805 -0.0249543 0.227479 -0.0252233
488 16233.3 1 95.9043 -9.19574 709.168 -0.022756 0.226116 -0.0272977
489 16266.7 1 95.9587 -9.1307 708.884 -0.024137 0.225438 -0.0265957
490 16300 1 96.0705 -8.97176 708.792 -0.0233502 0.223789 -0.0278956
491 16333.3 1 96.1765 -8.86049 709.086 -0.0253866 0.224113 -0.0285186
492 16366.7 1 96.3767 -8.68422 710.208 -0.0257793 0.223666 -0.0288112
493 16400 1 96.5893 -8.45804 709.623 -0.022039 0.221473 -0.0290405
494 16433.3 1 96.408 -8.30738 707.16 -0.0195584 0.220548 -0.0304522
495 16466.7 1 96.3257 -8.06507 705.24 -0.016079 0.222594 -0.0323506
496 16500 1 95.7198 -7.33454 699.429 0.00842542 0.223212 -0.0342387
497 16533.3 1 95.6986 -6.77166 695.857 0.0270835 0.216848 -0.0405116
498 16566.7 1 95.4684 -6.44259 695.363 0.0308263 0.223585 -0.0403
499 16600 1 95.5537 -6.65518 696.954 0.0327631 0.224965 -0.0429064
500 16633.3 1 94.9886 -7.40832 696.887 0.0254124 0.239036 -0.0352703
501 16666.7 1 94.8485 -8.10129 696.311 0.0228925 0.239372 -0.0351082
502 16700 1 94.7116 -8.71751 696.245 0.0173879 0.243101 -0.0339505
503 16733.3 1 94.5007 -9.70761 698.041 -0.00396437 0.252497 -0.026892
504 16766.7 1 94.3169 -10.2389 696.551 -0.0150633 0.253342 -0.0236834
505 16800 1 94.2008 -10.3537 693.598 -0.00931408 0.251876 -0.0235988
506 16833.3 1 94.2907 -9.89751 690.953 0.00286204 0.243296 -0.0284589
507 16866.7 1 94.5305 -10.2024 692.648 -0.00914605 0.247416 -0.0241429
508 16900 1 95.1615 -11.0914 697.219 -0.0262285 0.250193 -0.0187969
509 16933.3 1 95.7568 -11.8206 697.882 -0.0379666 0.245078 -0.0147604
510 16966.7 1 96.3993 -12.2896 699.493 -0.0410972 0.233477 -0.0145995
511 17000 1 97.2741 -13.0456 703.309 -0.0635025 0.224295 -0.00700043
512 17033.3 1 97.6204 -13.3977 703.335 -0.0746046 0.219598 -0.00237389
513 17066.7 1 98.2547 -13.6281 704.955 -0.0755084 0.217019 0.00136516
514 17100 1 98.5818 -13.4091 705.599 -0.0916266 0.218868 -0.000750139
515 17133.3 1 99.0767 -12.9351 706.185 -0.0834108 0.215164 0.00146465
516 17166.7 1 99.2941 -12.6503 706.358 -0.0579366 0.216555 0.00153976
517 17200 1 99.236 -12.3113 706.349 -0.0301563 0.207107 0.00340208
518 17233.3 1 99.2129 -11.8556 705.688 -0.0158476 0.206779 -0.00162278
519 17266.7 1 98.9531 -10.9972 703.414 -0.00295758 0.206667 -0.00940381
520 17300 1 98.526 -10.4731 699.94 0.00564292 0.207434 -0.0122494
521 17333.3 1 98.125 -9.99379 697.124 -0.00138395 0.214695 -0.0141151
522 17366.7 1 97.728 -9.78024 696.157 -0.00972363 0.221495 -0.0122528
523 17400 1 97.2946 -9.93586 694.68 -0.00747593 0.223734 -0.00771599
524 17433.3 1 97.1479 -10.0283 694.765 -0.0066293 0.224327 -0.00495198
525 17466.7 1 97.0781 -10.1402 694.523 -0.0132159 0.229739 0.000745134
526 17500 1 97.0806 -10.2674 693.896 -0.0182749 0.230658 0.00461589
527 17533.3 1 97.2055 -10.4988 693.509 -0.0202773 0.230982 0.00662305
528 17566.7 1 97.1376 -10.3515 690.196 -0.0159502 0.228644 0.00554785
529 17600 1 97.0075 -10.2896 689.832 -0.0171211 0.23428 0.00746652
530 17633.3 1 97.8422 -10.9021 695.243 -0.0373466 0.23855 0.0125121
531 17666.7 1 98.4968 -11.3897 697.686 -0.0462511 0.23328 0.0173373
532 17700 1 98.9029 -11.5311 698.433 -0.0373244 0.226852 0.0159653
533 17733.3 1 99.6643 -11.4025 699.723 -0.0306838 0.218702 0.0178216
534 17766.7 1 100.437 -11.7178 703.942 -0.0452848 0.213249 0.0194835
535 17800 1 100.932 -11.8799 706.353 -0.0475205 0.209809 0.0190875
536 17833.3 1 101.287 -11.9176 707.964 -0.0517173 0.208201 0.0179329
537 17866.7 1 101.268 -11.5427 705.774 -0.0368177 0.206584 0.0182866
538 17900 1 101.092 -11.6049 703.397 -0.0413648 0.204982 0.0202116
539 17933.3 1 100.64 -12.0596 700.045 -0.0546847 0.203674 0.0209303
540 17966.7 1 99.4902 -12.0486 694.927 -0.044677 0.197201 0.023364
541 18000 1 98.0214 -11.6679 691.878 -0.0461616 0.200083 0.020477
542 18033.3 1 96.6473 -11.3011 689.048 -0.049359 0.200122 0.0217429
543 18066.7 1 94.5197 -10.6927 685.334 -0.0402473 0.203508 0.0284436
544 18100 1 92.4811 -10.1329 681.255 -0.0370211 0.204087 0.0315538
545 18133.3 1 90.4734 -9.32507 677.354 -0.0253435 0.200026 0.0300165
546 18166.7 1 88.0534 -8.29354 673.262 -0.0162336 0.198573 0.027259
547 18200 1 85.5564 -6.6278 669.144 -0.000844581 0.196446 0.0227894
548 18233.3 1 83.39 -4.68579 666.992 0.0151713 0.190065 0.0152049
549 18266.7 1 80.8008 -2.71963 664.509 0.0364912 0.189383 0.00463248
550 18300 1 79.0164 -1.2227 664.927 0.0426594 0.187363 -0.00504894
551 18333.3 1 77.2742 -0.147902 663.864 0.0427792 0.186272 -0.0143866
552 18366.7 1 75.1533 0.496136 659.709 0.0417731 0.189698 -0.0211215
553 18400 1 73.3054 1.1716 655.188 0.0570621 0.188732 -0.0270053
554 18433.3 1 71.5552 1.85087 649.471 0.0791458 0.189287 -0.0296126
555 18466.7 1 70.34 2.15563 645.681 0.0921726 0.186273 -0.0315027
556 18500 1 69.516 2.24995 644.538 0.0999925 0.185561 -0.0311334
557 18533.3 1 68.7907 2.62125 642.963 0.103299 0.182936 -0.0345282
558 18566.7 1 68.2963 2.92223 641.892 0.101273 0.18132 -0.0368137
559 18600 1 67.393 3.47523 640.557 0.099056 0.178637 -0.0372114
560 18633.3 1 66.2435 4.44695 636.489 0.113067 0.177016 -0.041151
561 18666.7 1 65.0771 5.71829 631.825 0.137604 0.176332 -0.0446609
562 18700 1 64.0916 6.47688 627.926 0.155446 0.170288 -0.0465465
563 18733.3 1 63.8642 6.99783 627.999 0.161709 0.167961 -0.0511528
564 18766.7 1 63.5098 7.36348 624.81 0.178859 0.160959 -0.0543335
565 18800 1 62.7002 8.10405 620.852 0.184361 0.169029 -0.0603299
566 18833.3 1 62.3933 9.90517 617.586 0.198412 0.173295 -0.0652009
567 18866.7 1 62.4874 12.279 612.224 0.227877 0.177169 -0.0689647
568 18900 1 62.92 14.6605 606.601 0.244004 0.177576 -0.067653
569 18933.3 1 64.362 17.1769 601.979 0.263248 0.177473 -0.0642877
570 18966.7 1 66.8592 20.232 598.313 0.282698 0.181116 -0.0564171
571 19000 1 70.5787 24.1277 592.966 0.309123 0.173722 -0.0461842
572 19033.3 1 74.9314 29.488 590.295 0.3498 0.165871 -0.0373292
573 19066.7 1 79.6405 36.5902 588.733 0.41462 0.154257 -0.0295369
574 19100 1 84.6754 43.982 592.111 0.499785 0.155027 -0.019186
575 19133.3 1 90.178 51.0461 602.913 0.554141 0.149222 -0.00316814
576 19166.7 1 94.1565 55.396 610.502 0.575978 0.148755 0.0184443
577 19200 1 97.0631 58.7953 617.806 0.578623 0.16819 0.0440174
578 19233.3 1 99.3672 61.1118 626.571 0.563855 0.188834 0.0781659
579 19266.7 1 101.964 62.6299 635.077 0.559073 0.199077 0.0939936
580 19300 1 104.67 62.8805 642.562 0.548167 0.211197 0.108081
581 19333.3 1 107.739 61.9949 649.7 0.522321 0.218564 0.116167
582 19366.7 1 111.127 60.1133 658.155 0.481387 0.226562 0.135081
583 19400 1 115.704 57.0413 669.142 0.435488 0.225939 0.152754
584 19433.3 1 121.511 53.0941 680.798 0.373675 0.205602 0.180449
585 19466.7 1 127.94 49.1499 696.406 0.321369 0.182894 0.208023
586 19500 1 133.18 44.2593 703.972 0.275803 0.167569 0.233704
587 19533.3 1 137.459 39.2065 704.275 0.241198 0.166539 0.257017
588 19566.7 1 141.235 34.7755 697.43 0.215344 0.161954 0.2801
589 19600 1 146.761 30.7061 696.639 0.185832 0.162977 0.298571
590 19633.3 1 150.976 26.9006 689.418 0.143159 0.174239 0.319586
591 19666.7 1 154.819 23.9548 684.395 0.110553 0.181998 0.336013
592 19700 1 159.283 22.1162 683.65 0.0767496 0.177212 0.348672
593 19733.3 1 163.248 21.0735 684.555 0.0472216 0.167589 0.358592
594 19766.7 1 166.723 20.3268 684.491 0.0208146 0.158168 0.366801
595 19800 1 170.353 19.6829 687.44 -0.00675473 0.146921 0.377823
596 19833.3 1 172.844 18.6696 688.61 -0.0287886 0.132246 0.379883
597 19866.7 1 174.119 18.0731 686.804 -0.0488934 0.123722 0.355246
598 19900 1 174.243 17.1221 685.523 -0.067043 0.106953 0.340479
599 19933.3 1 172.628 16.1729 683.676 -0.0843067 0.0908262 0.323764
600 19966.7 1 169.483 15.7297 681.956 -0.0983151 0.0831228 0.304879
601 20000 1 165.636 15.8653 681.716 -0.09647 0.0849445 0.290723
602 20033.3 1 160.508 16.3628 679.824 -0.0875882 0.0902978 0.273717
603 20066.7 1 155.13 17.3625 679.313 -0.0775432 0.0980285 0.256279
604 20100 1 148.823 18.6931 674.895 -0.0707112 0.108101 0.234629
605 20133.3 1 142.93 19.9987 670.656 -0.0662504 0.111258 0.214968
606 20166.7 1 137.655 20.7725 669.641 -0.0626362 0.117265 0.197391
607 20200 1 132.68 21.0282 668.668 -0.0607059 0.118818 0.180006
608 20233.3 1 127.842 21.4101 666.169 -0.0496868 0.119633 0.161539
609 20266.7 1 123.075 22.4612 663.357 -0.028218 0.125211 0.133775
610 20300 1 119.395 24.5763 662.067 0.00790552 0.120706 0.106203
611 20333.3 1 115.715 27.9137 659.959 0.0515518 0.118204 0.0860399
612 20366.7 1 111.708 32.0229 658.145 0.098682 0.12862 0.0678575
613 20400 1 107.574 36.124 659.534 0.132256 0.177117 0.0597448
614 20433.3 1 105.384 38.7462 661.583 0.138965 0.186838 0.0676616
615 20466.7 1 104.253 39.814 661.542 0.149008 0.187312 0.0640116
616 20500 1 103.772 39.8521 662.407 0.154198 0.188614 0.05907
617 20533.3 1 103.667 39.5137 663.532 0.155759 0.18814 0.0526582
618 20566.7 1 103.58 39.3292 663.068 0.163498 0.18421 0.0470566
619 20600 1 103.425 39.756 662.857 0.176395 0.185709 0.0366478
620 20633.3 1 103.106 40.4716 662.038 0.184069 0.187849 0.0288115
621 20666.7 1 102.975 41.398 663.304 0.184308 0.189151 0.0293741
622 20700 1 102.946 41.9367 665.344 0.178158 0.188157 0.031786
623 20733.3 1 102.753 41.6321 666.859 0.163751 0.187377 0.0369298
624 20766.7 1 101.643 39.9921 664.468 0.149795 0.190041 0.0401033
625 20800 1 101.197 38.3269 664.205 0.138142 0.188589 0.0424957
626 20833.3 1 100.83 36.9267 664.051 0.117274 0.190806 0.0438415
627 20866.7 1 100.316 35.8948 664.144 0.108323 0.195434 0.0467015
628 20900 1 100.205 35.3707 665.369 0.107877 0.198331 0.0445282
629 20933.3 1 100.519 35.0198 667.222 0.102428 0.19704 0.0447479
630 20966.7 1 101.127 34.7982 668.902 0.103026 0.193385 0.0458887
631 21000 1 101.217 34.0899 667.484 0.098506 0.194233 0.0509317
632 21033.3 1 101.363 33.2685 665.885 0.0919387 0.19384 0.0570543
633 21066.7 1 101.533 32.7051 666.774 0.0836113 0.195452 0.0624913
634 21100 1 101.369 32.4901 667.472 0.0763241 0.195298 0.0613373
635 21133.3 1 101.1 32.5039 668.424 0.0784245 0.196037 0.0594643
636 21166.7 1 100.791 32.5981 670.075 0.0827949 0.198855 0.0535432
637 21200 1 100.468 32.5549 670.614 0.0894925 0.197358 0.0494147
638 21233.3 1 100.094 32.4318 670.334 0.0973822 0.200459 0.0466281
639 21266.7 1 99.8168 32.1518 671.333 0.0895316 0.204887 0.0440192
640 21300 1 99.4842 31.711 671.174 0.0802998 0.204799 0.0432177
641 21333.3 1 99.0435 31.2559 670.666 0.0694104 0.208901 0.0389433
642 21366.7 1 98.6666 30.714 669.718 0.0547896 0.214644 0.0401025
643 21400 1 98.7186 30.3498 669.594 0.0347127 0.219997 0.0416378
644 21433.3 1 98.8409 30.0221 667.67 0.0226968 0.220011 0.0406122
645 21466.7 1 99.3322 29.5812 665.309 0.011142 0.21591 0.0372813
646 21500 1 99.8052 29.1741 663.642 0.00675341 0.217636 0.034138
647 21533.3 1 100.079 28.4962 662.272 0.00190921 0.221065 0.0399309
648 21566.7 1 100.779 28.2967 661.394 0.00298382 0.217724 0.0408351
649 21600 1 101.29 28.1095 660.503 0.00155459 0.217086 0.0442735
650 21633.3 1 102.053 28.1712 663.48 0.00287115 0.217592 0.0490957
651 21666.7 1 103.087 28.4851 667.401 0.0177933 0.215535 0.0501285
652 21700 1 104.08 28.4948 671.959 0.0268193 0.216791 0.0532235
653 21733.3 1 104.67 28.2541 673.418 0.0243537 0.214605 0.0569611
654 21766.7 1 104.678 27.6216 673.559 0.0126419 0.213333 0.0645258
655 21800 1 103.518 27.3341 672.092 0.00178503 0.213144 0.0749676
656 21833.3 1 101.629 27.6339 668.887 -0.00184357 0.213964 0.0772602
657 21866.7 1 99.4929 27.9612 667.953 -0.00618148 0.218728 0.0755789
658 21900 1 97.3157 27.6589 670.617 -0.0254567 0.224893 0.0766801
659 21933.3 1 95.0504 26.782 673.098 -0.043305 0.231258 0.0737831
660 21966.7 1 92.6941 26.4046 672.344 -0.0382876 0.23902 0.0598425
661 22000 1 90.5015 26.2473 669.198 -0.019546 0.243995 0.0425118
662 22033.3 1 89.6603 27.1871 667.566 0.0145644 0.233533 0.0153792
663 22066.7 1 88.0011 27.9516 667.087 0.0216606 0.240458 0.00504675
664 22100 1 87.7837 28.943 671.83 0.021788 0.241879 0.00246814
665 22133.3 1 87.5331 29.8419 679.209 0.0384741 0.249165 0.0105088
666 22166.7 1 88.0083 30.8634 684.802 0.0562964 0.247294 0.0131562
667 22200 1 87.816 31.2139 687.111 0.0560644 0.244566 0.0108891
668 22233.3 1 87.8258 31.5295 687.162 0.0620674 0.243379 0.0104104
669 22266.7 1 87.7842 31.5966 686.766 0.0580767 0.240045 0.00962449
670 22300 1 87.4649 31.908 684.149 0.0583807 0.239988 0.0115506
671 22333.3 1 86.8068 32.5589 679.067 0.074332 0.236869 0.0142786
672 22366.7 1 86.5053 33.2607 677.353 0.0862733 0.235776 0.0152438
673 22400 1 86.1964 34.1904 677.65 0.100977 0.23191 0.00775231
674 22433.3 1 86.6255 35.532 681 0.111467 0.226593 -0.00127218
675 22466.7 1 86.8713 37.2056 682.722 0.131134 0.224909 -0.0137258
676 22500 1 86.4514 37.9628 680.044 0.141336 0.219665 -0.0232667
677 22533.3 1 85.9172 38.5193 674.251 0.160127 0.218742 -0.0236448
678 22566.7 1 86.2253 39.3304 675.055 0.169028 0.218512 -0.0276744
679 22600 1 86.5603 39.7032 675.846 0.169759 0.216079 -0.0324304
680 22633.3 1 87.1728 39.7105 677.447 0.1691 0.215172 -0.0325473
681 22666.7 1 87.8353 39.2208 678.634 0.167635 0.21439 -0.0325079
682 22700 1 88.2466 38.5202 678.416 0.159241 0.213008 -0.0295486
683 22733.3 1 88.4357 37.8832 678.41 0.150713 0.214975 -0.0269338
684 22766.7 1 88.6134 37.6487 679.989 0.142157 0.214206 -0.0261292
685 22800 1 88.5855 37.5078 680.014 0.140542 0.215162 -0.0258132
686 22833.3 1 88.5204 37.4664 680.575 0.137957 0.212694 -0.0247084
687 22866.7 1 88.1663 37.2084 680.537 0.13269 0.215575 -0.0250766
688 22900 1 88.1187 36.8345 681.759 0.131169 0.215876 -0.0278143
689 22933.3 1 87.9974 36.6863 681.878 0.129531 0.217779 -0.0287228
690 22966.7 1 87.9064 36.374 681.123 0.125062 0.216993 -0.0279925
691 23000 1 87.9394 36.3683 681.312 0.125244 0.216313 -0.0281813
692 23033.3 1 87.9039 36.3431 680.646 0.126594 0.215916 -0.0285837
693 23066.7 1 88.0052 36.5195 678.998 0.134114 0.213296 -0.028016
694 23100 1 88.2971 36.8312 679.596 0.134932 0.210171 -0.0310242
695 23133.3 1 88.544 36.9782 679.344 0.135803 0.208152 -0.0304172
696 23166.7 1 88.6255 36.9615 678.16 0.137016 0.209634 -0.0281471
697 23200 1 88.9779 36.9157 677.935 0.134388 0.20793 -0.0281308
698 23233.3 1 89.0531 36.6882 677.688 0.12999 0.210481 -0.0284389
699 23266.7 1 89.2059 36.2648 677.477 0.126201 0.212557 -0.0275801
700 23300 1 89.053 35.9906 677.241 0.121329 0.214404 -0.0302493
701 23333.3 1 89.0615 35.803 677.686 0.115253 0.214748 -0.0301207
702 23366.7 1 88.9736 35.68 678.257 0.112983 0.215124 -0.0300533
