1 0 1 -64.3816 -52.1887 555.391 0.0923194 0.0154553 -0.0464783
2 33.3333 1 -62.6831 -52.3537 560.865 0.0915905 0.014179 -0.0510451
3 66.6667 1 -60.2332 -53.6329 569.597 0.0778629 0.0110783 -0.0515179
4 100 1 -57.212 -55.4125 579.287 0.0634378 0.0065097 -0.0494294
5 133.333 1 -54.5255 -57.2798 590.248 0.0429354 0.00113607 -0.0414299
6 166.667 1 -52.5853 -58.3565 602.395 0.0251213 -0.00523084 -0.0396936
7 200 1 -51.7685 -57.4587 616.345 0.021295 -0.00433117 -0.0427541
8 233.333 1 -50.7527 -55.5444 630.977 0.0213815 0.00251507 -0.0439001
9 266.667 1 -49.0492 -54.5603 652.486 0.00300603 0.0112732 -0.0520962
10 300 1 -46.9099 -53.901 679.338 -0.032552 0.0266263 -0.0653682
11 333.333 1 -41.3934 -50.3913 694.595 -0.0606729 0.0235392 -0.0644655
12 366.667 1 -34.2405 -46.6357 705.556 -0.0806216 0.00154566 -0.0543033
13 400 1 -30.91 -43.6438 705.129 -0.0840394 -0.0278316 -0.05382
14 433.333 1 -37.5584 -43.3362 694.863 -0.0799287 -0.016766 -0.0694926
15 466.667 1 -46.9554 -43.6569 679.34 -0.076625 -0.000245778 -0.085505
16 500 1 -56.0353 -46.5602 667.487 -0.0622348 0.0208496 -0.100231
17 533.333 1 -64.4718 -51.6069 657.863 -0.0549173 0.0499451 -0.118063
18 566.667 1 -72.3329 -53.4715 642.494 -0.0174656 0.0679127 -0.129712
19 600 1 -81.3913 -55.3675 635.064 0.026386 0.105851 -0.145436
20 633.333 1 -89.832 -59.349 625.101 0.0405301 0.150022 -0.161248
21 666.667 1 -93.1599 -60.6921 598.232 0.0665453 0.189846 -0.156085
22 700 1 -88.4678 -55.8604 550.159 0.108834 0.176971 -0.139239
23 733.333 1 -80.1834 -49.7195 493.791 0.117891 0.129176 -0.108694
24 766.667 1 -66.7341 -48.6355 441.038 0.0291092 0.0185246 -0.0904311
25 800 1 -53.1428 -45.2665 409.19 0.0345104 -0.0229424 -0.0675404
26 833.333 1 -41.5873 -36.5802 378.439 0.0777513 -0.0463797 -0.0518317
27 866.667 1 -34.2686 -25.7976 352.735 0.118533 -0.0408182 -0.0329859
28 900 1 -29.0248 -17.6076 343.26 0.163217 -0.0429863 -0.0176415
29 933.333 1 -25.8708 -13.1029 345.537 0.197373 -0.0395577 -0.0060643
30 966.667 1 -17.7553 15.7615 291.955 0.147563 -0.0447338 0.0076556
31 1000 1 -13.1723 21.314 288.772 0.181111 -0.0424511 0.0054274
32 1033.33 1 -4.59157 21.8754 293.662 0.181784 -0.0539463 0.00881559
33 1066.67 1 5.80535 19.0964 299.678 0.15133 -0.0678912 0.0332716
34 1100 1 14.8205 14.7542 293.927 0.0587345 -0.118921 0.0556871
35 1133.33 1 42.9392 6.70598 333.981 0.179751 -0.126116 0.084567
36 1166.67 1 50.5047 0.0948492 333.087 0.0678514 -0.183438 0.136961
37 1200 1 57.5685 -8.39111 347.43 -0.0310203 -0.236583 0.154884
38 1233.33 1 59.3573 -17.6835 357.533 -0.134025 -0.228456 0.156571
39 1266.67 1 58.6948 -26.8379 371.943 -0.197291 -0.214091 0.146811
40 1300 1 55.6555 -33.4757 387.137 -0.235607 -0.154186 0.118451
41 1333.33 1 49.4981 -36.9617 404.638 -0.258507 -0.0657124 0.0933357
42 1366.67 1 40.4409 -36.4058 406.75 -0.302293 -0.00764103 0.0606776
43 1400 1 10.2617 -59.6271 533.678 0.0871413 -0.00484966 0.0587006
44 1433.33 1 -29.0549 -64.3974 554.129 0.0538946 0.064122 -0.0645376
45 1466.67 1 -65.0476 -63.6743 570.091 0.0585325 0.104754 -0.20095
46 1500 1 -95.0264 -61.4248 589.726 0.021089 0.131935 -0.271178
47 1533.33 1 -106.268 -60.75 596.858 -0.0105898 0.179028 -0.321505
48 1566.67 1 -99.7054 -67.432 606.127 -0.0179901 0.171488 -0.28254
49 1600 1 -64.2454 -76.8561 592.129 -0.0406038 0.107744 -0.123086
50 1633.33 1 -15.0461 -79.2885 581.678 -0.0507653 0.0148214 0.144482
51 1666.67 1 32.862 -67.9688 572.006 0.0560557 -0.0620813 0.265432
52 1700 1 38.0601 -62.5665 571.476 0.0744382 -0.0712719 0.365008
53 1733.33 1 28.978 -63.7043 570.887 0.0689508 -0.103271 0.347867
54 1766.67 1 -4.46585 -67.3349 573.162 0.0487112 -0.072506 0.103956
55 1800 1 -42.6326 -63.3037 572.731 0.0560649 -0.00911225 -0.0978438
56 1833.33 1 -74.2881 -54.6909 572.915 0.107653 0.0308289 -0.24717
57 1866.67 1 -83.0754 -51.9288 585.448 0.070803 -0.00338924 -0.311667
58 1900 1 -88.8479 -52.0997 586.716 0.0636418 0.0734865 -0.400909
59 1933.33 1 -82.0212 -58.3385 586.537 0.0561405 0.148411 -0.374838
60 1966.67 1 -50.5928 -68.2711 573.553 0.0305833 0.0335774 -0.184228
61 2000 1 -43.0358 -69.3093 578.659 0.0206111 0.0963677 -0.122561
62 2033.33 1 -17.0852 -71.5028 560.207 0.015593 0.0184697 0.011667
63 2066.67 1 -8.69545 -73.1957 554.779 0.00655772 -0.0024932 0.0263647
64 2100 1 -3.29192 -73.8135 547.049 -0.00165238 -0.0290887 0.0421908
65 2133.33 1 0.524946 -72.5882 537.774 -0.00869883 -0.0771921 0.0700088
66 2166.67 1 4.68459 -71.5045 535.577 0.00776679 -0.197092 0.0831092
67 2200 1 4.81983 -69.2706 530.851 0.0145565 -0.329639 0.0365579
68 2233.33 1 -3.03854 -69.2754 535.586 0.0166917 -0.316222 0.00681957
69 2266.67 1 -11.5868 -68.5106 553.719 0.0104582 -0.228268 -0.0202505
70 2300 1 -21.7242 -63.0901 556.08 0.0646417 0.000786411 0.0390958
71 2333.33 1 -34.3203 -79.0452 624.748 0.0120858 0.071381 0.10025
72 2366.67 1 -33.7377 -87.4377 755.017 0.0368176 -0.0850838 0.0402208
73 2400 1 -35.137 -89.3144 766.861 0.0490005 -0.0692774 -0.0086196
74 2433.33 1 -34.3336 -88.6983 770.619 0.0191431 0.0229256 -0.0195951
75 2466.67 1 -34.8072 -87.0362 760.892 0.0605522 0.117847 -0.0116468
76 2500 1 -35.1154 -94.7204 809.502 -0.0146255 0.14313 -0.0496294
77 2533.33 1 -34.8919 -108.152 927.303 -0.140901 0.260064 -0.0162652
78 2566.67 1 -32.1267 -101.746 973.605 0.0533373 0.0331628 0.00410241
79 2600 1 -34.1631 -101.872 1105.48 0.272823 0.0398567 0.109475
80 2633.33 1 -27.2328 -95.9365 1018.88 0.291215 -0.0311892 0.133653
81 2666.67 1 -22.5452 -85.0799 910.9 0.192624 -0.133543 0.150854
82 2700 1 -27.2852 -83.6168 932.076 0.165046 -0.249734 0.103205
83 2733.33 1 -42.4124 -47.3391 550.423 0.0887361 0.383876 0.0860767
84 2766.67 1 -13.3774 -48.7362 548.424 0.0766579 0.280357 0.089879
85 2800 1 -4.43358 -51.8359 551.004 0.0495211 0.288014 0.0990717
86 2833.33 1 23.8525 -54.8144 566.989 0.0397879 0.0382872 0.0290407
87 2866.67 1 31.5939 -55.7853 578.748 0.036309 -0.0320148 0.0184097
88 2900 1 37.174 -55.2839 590.609 0.0427244 -0.0932429 -0.00693998
89 2933.33 1 40.7488 -54.2209 603.361 0.0445049 -0.118689 -0.0261339
90 2966.67 1 42.9891 -53.4166 616.838 0.0318561 -0.116802 -0.0293306
91 3000 1 44.3589 -51.1422 629.297 0.0213967 -0.0959156 -0.0168394
92 3033.33 1 47.2001 -46.8483 639.331 0.0279895 -0.0871997 0.0124831
93 3066.67 1 53.7416 -43.4595 644.691 0.0201618 -0.100191 0.0449763
94 3100 1 63.4487 -41.5757 647.614 -0.010887 -0.086578 0.0910116
95 3133.33 1 88.4352 -38.8617 645.033 0.0138828 -0.157198 0.187188
96 3166.67 1 112.214 -35.7961 646.096 0.0274261 -0.14682 0.265157
97 3200 1 118.555 -37.3846 643.189 -0.0500373 -0.137524 0.328049
98 3233.33 1 143.43 -31.8846 621.612 0.0901223 -0.0900097 0.234613
99 3266.67 1 140.561 -29.8478 615.86 0.0763654 -0.155018 0.344203
100 3300 1 130.931 -29.2793 604.578 0.0782692 -0.183743 0.386189
101 3333.33 1 124.1 -29.8419 612.777 0.0795858 -0.144237 0.353094
102 3366.67 1 67.024 -39.0342 556.048 0.0748055 -0.156006 0.227581
103 3400 1 20.9137 -42.1476 525.538 0.0879224 -0.164789 0.133965
104 3433.33 1 -23.97 -40.8874 508.467 0.0931863 -0.156354 0.0189682
105 3466.67 1 -65.4328 -37.9855 493.959 0.0526006 -0.12663 -0.108139
106 3500 1 -102.149 -35.6701 482.847 0.0372086 -0.0685602 -0.205773
107 3533.33 1 -129.483 -33.224 469.931 0.0401184 -0.0197693 -0.249916
108 3566.67 1 -137.032 -33.0999 466.999 -0.0237474 -0.0632293 -0.294873
109 3600 1 -142.319 -30.1183 459.401 -0.0377909 -0.0749811 -0.323367
110 3633.33 1 -132.705 -19.163 420.703 0.0227298 -0.0185214 -0.312708
111 3666.67 1 -122.599 -12.791 401.145 0.0011483 0.0373117 -0.285513
112 3700 1 -86.9089 9.90216 359.343 0.143767 -0.0384343 -0.152856
113 3733.33 1 -84.4612 11.9796 372.901 0.0628478 0.0349348 -0.151797
114 3766.67 1 -42.8002 21.0506 334.412 0.159952 -0.0655352 -0.0430324
115 3800 1 -33.8736 24.4471 332.372 0.172693 -0.0364391 -0.0101682
116 3833.33 1 -27.5342 27.5733 333.814 0.165665 0.0434497 0.02899
117 3866.67 1 -19.7542 29.3184 333.698 0.145808 0.0971971 0.0619547
118 3900 1 -14.2371 28.6591 334.357 0.159764 0.143109 0.0629647
119 3933.33 1 -9.41065 25.7764 336.727 0.159028 0.0877344 0.0832175
120 3966.67 1 -4.45516 20.8957 337.307 0.155777 -0.0423648 0.0835374
121 4000 1 -6.14778 14.2316 346.934 0.129364 -0.0511973 0.0706294
122 4033.33 1 -8.19021 6.91561 358.619 0.10855 -0.043301 0.0591897
123 4066.67 1 -9.04852 -0.234769 371.524 0.0929877 -0.036371 0.0487808
124 4100 1 -9.23144 -8.26415 383.952 0.0727612 -0.0355068 0.0418939
125 4133.33 1 -9.73678 -15.9724 396.288 0.0685185 -0.0294135 0.0364082
126 4166.67 1 -10.3042 -23.2277 408.704 0.0591594 -0.0234518 0.0321886
127 4200 1 -11.0325 -27.8016 418.875 0.0587648 -0.0169729 0.0282699
128 4233.33 1 -11.894 -28.6638 427.863 0.0740957 -0.0145612 0.0241134
129 4266.67 1 -12.2996 -27.6575 436.981 0.0768432 -0.0173656 0.0164383
130 4300 1 -12.3679 -27.6161 443.095 0.0619948 -0.0195881 0.00722286
131 4333.33 1 -12.1785 -27.7143 446.021 0.054939 -0.0212679 0.00124412
132 4366.67 1 -12.0153 -26.8354 445.223 0.0544619 -0.026333 -0.000111891
133 4400 1 -12.3019 -25.5602 441.229 0.0491346 -0.0311201 -0.000333266
134 4433.33 1 -12.6401 -24.2842 431.932 0.0445158 -0.0305119 -0.00255986
135 4466.67 1 -12.2515 -22.6425 412.672 0.0541118 -0.0178167 0.0112428
136 4500 1 -10.7553 -20.9639 401.64 0.0545775 -0.014875 0.0306644
137 4533.33 1 -9.00156 -19.1743 394.768 0.0347961 -0.0163339 0.0416696
138 4566.67 1 -8.03699 -16.4804 389.514 0.0325276 -0.01179 0.0484456
139 4600 1 -7.44626 -12.5918 388.463 0.0383892 -0.0154182 0.0511879
140 4633.33 1 -7.04471 -7.62275 393.392 0.0582789 -0.0216234 0.0382605
141 4666.67 1 -7.12181 -3.58153 391.222 0.0861086 -0.0231541 0.0215988
142 4700 1 -8.02618 -1.81358 388.181 0.104497 -0.0232888 0.0156076
143 4733.33 1 -9.32788 1.29524 383.222 0.141761 -0.0123888 0.018823
144 4766.67 1 -11.2229 2.19697 387.593 0.133106 0.000397212 0.0369441
145 4800 1 -13.1101 1.75064 396.588 0.114289 0.00497889 0.0508908
146 4833.33 1 -14.2333 -0.0383496 406.441 0.0744501 -7.50349e-005 0.044438
147 4866.67 1 -13.6172 -1.49111 413.083 0.0418453 -0.0264318 0.0261133
148 4900 1 -11.1784 -2.17326 415.823 0.0335416 -0.068422 -0.0103781
149 4933.33 1 -9.66065 -2.89827 407.741 0.0427639 -0.0899465 -0.0493098
150 4966.67 1 -9.63839 -4.0009 399.651 0.0361464 -0.0947231 -0.0748203
151 5000 1 -10.6091 -4.64846 397.678 0.0310614 -0.0829548 -0.0838927
152 5033.33 1 -11.3994 -4.85211 394.379 0.0488284 -0.0653902 -0.0712053
153 5066.67 1 -11.7869 -5.12713 392.013 0.0640699 -0.051699 -0.0446718
154 5100 1 -11.1709 -4.95591 390.464 0.0791755 -0.0467769 -0.0179875
155 5133.33 1 -10.8108 -3.57208 391.648 0.100549 -0.0423716 0.00724009
156 5166.67 1 -10.8682 -2.98237 390.199 0.112989 -0.0413072 0.0178584
157 5200 1 -11.3156 -4.04777 381.506 0.0981003 -0.0387679 0.0294274
158 5233.33 1 -11.7229 -4.01079 373.503 0.124175 -0.0376759 0.0358922
159 5266.67 1 -12.6998 -5.24202 375.007 0.125733 -0.0339372 0.0403944
160 5300 1 -13.3146 -7.02515 377.734 0.117391 -0.027154 0.0466769
161 5333.33 1 -13.4905 -8.4925 383.775 0.110491 -0.0234668 0.052039
162 5366.67 1 -13.7121 -8.58638 393.304 0.118452 -0.0214964 0.0518063
163 5400 1 -14.3438 -10.2606 400.472 0.118323 -0.0167815 0.0469125
164 5433.33 1 -14.6153 -12.8455 403.298 0.132282 -0.0197843 0.0340503
165 5466.67 1 -14.782 -14.7384 404.621 0.145007 -0.0234394 0.0220115
166 5500 1 -15.2845 -15.2675 405.664 0.152551 -0.0240581 0.00972642
167 5533.33 1 -15.8752 -14.9978 405.362 0.155902 -0.0256466 0.00265111
168 5566.67 1 -16.8052 -14.0114 404.053 0.158023 -0.0191031 -0.00165067
169 5600 1 -17.6436 -12.9563 405.243 0.143423 -0.0129792 -0.0027434
170 5633.33 1 -18.1887 -12.8403 408.624 0.130995 -0.0119566 -0.00597756
171 5666.67 1 -18.8042 -13.5757 411.216 0.113379 -0.0105925 -0.00818453
