# The mean values of the components (in mm)
18
1
6
-10.459846 
-4.893875 
4.136760 
10.594667 
4.472700 
-3.850405 
1.388178 
-2.386204 
-3.040271 
-0.886601 
2.120762 
2.804135 
1.818008 
-2.060127 
-1.633862 
3.729078 
-0.600427 
-1.252670 
# The principal components (eigenvectors) of identity or combined identity and expression model
18
7
6
-0.183163 -0.164692 0.013874 -0.272284 -0.409840 0.260452 0.205902 
0.055296 0.390145 0.529319 0.443648 0.157661 -0.157260 -0.128052 
0.065522 -0.249483 -0.181621 0.316393 -0.125214 0.483268 -0.273223 
0.161396 0.079168 0.116788 -0.138924 -0.323524 -0.306356 0.431656 
0.030993 0.044222 -0.400682 -0.002909 0.263543 0.022442 -0.252669 
-0.130044 -0.099360 -0.077678 -0.345924 0.437374 -0.302546 0.016385 
-0.011983 -0.358189 0.220217 0.359709 0.006293 -0.039598 0.089201 
0.483418 0.111348 -0.069728 -0.201861 -0.131775 0.103185 -0.208062 
0.461829 0.051515 -0.141392 0.053857 0.068538 -0.086425 0.227270 
-0.029938 -0.360072 0.022777 -0.100159 0.123732 -0.155076 -0.072774 
-0.464139 0.226184 0.036848 -0.006905 -0.105588 0.181531 0.015258 
-0.439187 0.329214 -0.068723 -0.104641 0.038800 -0.003617 -0.050895 
0.070296 -0.049968 0.310235 -0.156065 0.433564 0.395600 0.052896 
0.042907 0.268472 -0.284488 0.006012 -0.177484 -0.269394 -0.362092 
0.076408 0.334248 -0.194033 0.144011 -0.012147 0.268921 0.413138 
0.087876 -0.069817 0.378722 -0.406845 -0.112461 0.045923 -0.224261 
-0.140833 -0.241461 -0.256998 0.206895 0.194163 -0.147957 0.327534 
-0.136654 -0.241472 0.046563 0.205992 -0.325635 -0.293092 -0.207215 
# The variances of the components (eigenvalues) of identity or combined identity and expression model
1
7
6
11.429766 0.571731 0.339932 0.243962 0.164527 0.110137 0.073656 
